00000
00011
00019
00039
00043
00046
00048
00049
00051
00054
00064
00070
00076
00079
00086
00087
00089
00090
00097
00098
00101
00102
00103
00104
00111
00114
00117
00118
00128
00138
00140
00142
00149
00154
00158
00160
00167
00176
00177
00178
00179
00186
00188
00195
00197
00200
00208
00217
00220
00232
00233
00234
00235
00239
00244
00245
00253
00254
00259
00261
00264
00267
00268
00271
00275
00278
00282
00296
00298
00301
00309
00346
00352
00355
00368
00369
00374
00375
00378
00383
00393
00395
00398
00421
00422
00425
00426
00431
00432
00437
00439
00446
00447
00460
00467
00469
00471
00472
00478
00482
00490
00494
00495
00496
00499
00501
00511
00515
00517
00519
00521
00522
00523
00526
00536
00538
00540
00545
00546
00547
00557
00559
00560
00561
00568
00571
00573
00574
00578
00580
00585
00587
00589
00590
00594
00603
00606
00611
00623
00626
00635
00640
00650
00655
00672
00675
00680
00684
00685
00686
00688
00691
00692
00703
00704
00717
00719
00720
00723
00726
00727
00736
00748
00755
00756
00761
00764
00772
00773
00777
00782
00787
00791
00796
00798
00804
00810
00811
00818
00825
00827
00828
00839
00842
00848
00850
00864
00872
00873
00874
00876
00877
00881
00882
00889
00892
00894
00899
00901
00909
00910
00924
00929
00930
00937
00954
00956
00957
00963
00966
00972
00974
00978
00980
00983
00985
00987
00989
00998
01000
01003
01006
01012
01013
01018
01019
01020
01035
01037
01044
01047
01052
01057
01058
01060
01062
01065
01070
01071
01076
01078
01080
01081
01090
01092
01095
01097
01099
01100
01118
01120
01125
01126
01137
01138
01143
01148
01150
01156
01169
01172
01173
01182
01184
01186
01188
01190
01194
01196
01197
01199
01203
01205
01208
01219
01229
01231
01240
01242
01244
01246
01247
01251
01252
01254
01257
01259
01262
01264
01266
01267
01269
01273
01281
01286
01293
01300
01302
01304
01307
01308
01309
01311
01318
01323
01330
01342
01344
01345
01346
01354
01359
01364
01370
01375
01389
01390
01397
01411
01418
01420
01422
01433
01442
01449
01450
01455
01457
01458
01466
01469
01471
01478
01481
01483
01487
01496
01497
01499
01500
01512
01514
01518
01521
01523
01528
01536
01541
01545
01549
01557
01561
01562
01564
01568
01578
01580
01582
01585
01591
01595
01596
01600
01603
01607
01610
01617
01624
01628
01643
01648
01649
01666
01670
01671
01672
01679
01685
01688
01694
01698
01699
01706
01716
01722
01726
01730
01739
01754
01759
01761
01763
01765
01773
01780
01781
01784
01790
01793
01802
01804
01805
01806
01809
01812
01823
01825
01827
01831
01834
01837
01840
01851
01855
01858
01862
01865
01868
01872
01878
01888
01896
01897
01898
01902
01909
01916
01920
01922
01927
01942
01949
01950
01952
01955
01966
01967
01969
01972
01973
01976
01977
01978
01983
01986
01987
01999
02008
02015
02021
02023
02027
02029
02030
02035
02039
02056
02059
02060
02069
02072
02078
02079
02081
02085
02086
02093
02094
02105
02119
02127
02134
02139
02155
02163
02167
02168
02172
02175
02179
02185
02189
02190
02191
02196
02210
02219
02233
02234
02238
02239
02242
02243
02245
02258
02268
02272
02279
02281
02285
02292
02294
02297
02303
02304
02305
02318
02324
02326
02336
02338
02342
02347
02358
02381
02388
02392
02398
02404
02407
02408
02410
02411
02419
02420
02421
02423
02425
02431
02437
02443
02445
02454
02458
02460
02464
02466
02471
02476
02489
02490
02502
02503
02507
02510
02535
02538
02546
02562
02570
02574
02576
02577
02578
02581
02587
02588
02603
02607
02633
02644
02645
02649
02651
02652
02656
02657
02661
02672
02674
02682
02690
02693
02694
02701
02708
02711
02714
02716
02720
02721
02723
02724
02725
02736
02744
02745
02747
02749
02753
02756
02759
02763
02771
02772
02782
02783
02784
02786
02788
02789
02790
02795
02796
02800
02801
02808
02814
02815
02820
02827
02828
02844
02849
02852
02865
02866
02867
02876
02877
02879
02881
02883
02885
02890
02897
02898
02901
02902
02907
02908
02909
02916
02917
02918
02920
02924
02943
02951
02954
02972
02976
02977
02978
02981
02982
02999
03007
03023
03024
03031
03035
03045
03046
03050
03057
03058
03066
03069
03072
03085
03088
03091
03092
03105
03110
03115
03127
03132
03138
03139
03143
03144
03154
03155
03159
03165
03167
03168
03169
03172
03173
03184
03185
03186
03187
03188
03193
03195
03199
03201
03203
03206
03209
03211
03220
03221
03222
03225
03240
03242
03247
03249
03251
03253
03254
03260
03268
03272
03276
03292
03300
03302
03306
03308
03310
03312
03318
03330
03342
03344
03346
03347
03358
03365
03367
03368
03370
03374
03375
03377
03379
03382
03383
03390
03398
03403
03407
03412
03420
03432
03438
03441
03457
03461
03463
03469
03477
03480
03494
03506
03508
03515
03516
03520
03524
03529
03534
03536
03541
03550
03556
03561
03562
03565
03566
03579
03582
03583
03585
03588
03590
03592
03596
03602
03610
03617
03623
03630
03634
03654
03662
03666
03667
03669
03681
03684
03693
03695
03702
03709
03711
03714
03717
03721
03722
03723
03730
03734
03736
03738
03742
03743
03744
03749
03754
03756
03761
03773
03774
03775
03796
03802
03804
03811
03832
03836
03837
03839
03853
03856
03857
03858
03860
03861
03864
03872
03876
03878
03879
03881
03890
03893
03894
03896
03901
03905
03907
03909
03913
03917
03922
03923
03943
03951
03952
03958
03969
03971
03973
03979
03985
03988
03991
03992
03993
03996
03998
03999
04006
04007
04012
04014
04024
04027
04029
04037
04039
04048
04051
04053
04060
04063
04065
04073
04076
04086
04090
04094
04101
04105
04106
04107
04113
04119
04120
04122
04126
04132
04136
04148
04150
04154
04158
04163
04166
04171
04173
04187
04191
04192
04199
04213
04215
04217
04222
04230
04232
04233
04236
04239
04241
04249
04250
04260
04266
04269
04276
04296
04306
04317
04325
04326
04332
04338
04339
04347
04348
04351
04352
04354
04363
04367
04372
04373
04377
04379
04383
04386
04393
04396
04397
04411
04426
04428
04433
04435
04436
04439
04442
04445
04448
04450
04451
04454
04462
04471
04477
04478
04480
04483
04484
04503
04523
04530
04533
04534
04535
04539
04547
04557
04561
04579
04582
04585
04587
04592
04597
04598
04604
04606
04608
04611
04613
04617
04618
04632
04635
04637
04639
04643
04647
04648
04649
04654
04665
04670
04685
04689
04694
04697
04701
04706
04707
04713
04715
04719
04721
04723
04731
04736
04737
04738
04739
04746
04748
04756
04759
04760
04765
04776
04781
04782
04784
04786
04799
04804
04814
04822
04829
04833
04836
04839
04846
04853
04855
04864
04875
04878
04890
04899
04900
04909
04920
04922
04924
04926
04933
04935
04939
04941
04954
04955
04969
04970
04976
04977
04980
04986
04990
04995
04996
05013
05022
05026
05052
05064
05070
05073
05077
05078
05080
05083
05086
05087
05088
05090
05093
05094
05098
05101
05111
05114
05115
05117
05124
05129
05130
05136
05144
05150
05152
05161
05177
05179
05181
05184
05185
05189
05197
05203
05206
05209
05211
05216
05218
05222
05224
05225
05226
05227
05228
05233
05235
05239
05248
05250
05251
05258
05261
05272
05276
05277
05283
05287
05294
05296
05297
05300
05302
05303
05305
05310
05314
05318
05323
05324
05327
05332
05338
05340
05342
05345
05363
05371
05381
05385
05386
05388
05397
05401
05406
05410
05411
05412
05415
05416
05417
05439
05440
05445
05451
05452
05457
05468
05471
05472
05482
05483
05488
05494
05495
05498
05499
05509
05511
05514
05522
05529
05543
05551
05552
05559
05560
05564
05568
05570
05572
05573
05589
05594
05611
05615
05617
05629
05635
05637
05647
05656
05657
05660
05674
05681
05685
05686
05688
05691
05693
05701
05704
05709
05718
05720
05725
05728
05730
05733
05735
05738
05739
05743
05748
05749
05752
05760
05770
05771
05772
05777
05789
05791
05792
05797
05802
05812
05813
05823
05831
05833
05836
05838
05849
05850
05855
05858
05859
05864
05866
05870
05883
05884
05889
05894
05898
05900
05903
05905
05909
05910
05913
05914
05923
05928
05936
05937
05938
05943
05953
05957
05960
05963
05965
05973
05977
05986
05989
05996
05998
06000
06002
06008
06011
06013
06024
06025
06027
06030
06037
06040
06050
06055
06058
06064
06066
06073
06077
06078
06081
06082
06086
06098
06107
06110
06122
06124
06125
06135
06137
06142
06150
06151
06157
06161
06167
06170
06178
06181
06182
06183
06185
06187
06189
06191
06192
06198
06200
06201
06215
06220
06222
06223
06224
06239
06240
06241
06245
06246
06253
06256
06264
06278
06281
06297
06304
06313
06315
06320
06322
06331
06339
06340
06346
06347
06349
06350
06351
06367
06368
06378
06379
06387
06388
06389
06391
06398
06399
06401
06409
06412
06423
06425
06430
06431
06432
06437
06439
06442
06451
06456
06457
06459
06461
06467
06469
06483
06489
06496
06497
06499
06500
06516
06517
06529
06530
06539
06545
06546
06554
06557
06561
06575
06578
06580
06585
06590
06591
06592
06595
06608
06609
06613
06615
06617
06626
06629
06630
06646
06665
06667
06670
06676
06679
06684
06686
06687
06688
06690
06691
06697
06707
06712
06713
06724
06727
06728
06729
06730
06732
06733
06734
06742
06747
06751
06760
06761
06762
06774
06780
06783
06794
06806
06817
06818
06820
06821
06822
06824
06836
06841
06843
06845
06848
06851
06854
06856
06859
06860
06867
06875
06876
06877
06888
06889
06895
06897
06905
06906
06907
06910
06917
06919
06922
06925
06927
06933
06938
06940
06945
06948
06955
06960
06963
06965
06969
06971
06972
06979
06985
06987
06991
06993
06994
06997
06999
07005
07007
07008
07014
07018
07027
07031
07034
07045
07058
07063
07065
07073
07075
07076
07084
07099
07108
07109
07110
07112
07118
07124
07132
07134
07135
07138
07143
07145
07165
07166
07169
07170
07172
07193
07195
07208
07210
07212
07221
07227
07240
07242
07247
07255
07279
07287
07291
07292
07304
07305
07307
07308
07312
07313
07316
07318
07323
07324
07330
07342
07345
07356
07357
07360
07367
07374
07375
07378
07381
07389
07390
07393
07399
07406
07411
07413
07425
07426
07434
07443
07445
07449
07452
07453
07461
07476
07479
07480
07483
07487
07490
07491
07498
07502
07507
07515
07516
07518
07520
07521
07530
07533
07534
07539
07542
07551
07567
07568
07578
07582
07583
07588
07592
07595
07603
07605
07609
07616
07619
07629
07639
07653
07654
07662
07665
07669
07678
07680
07681
07685
07688
07697
07700
07706
07708
07709
07716
07717
07721
07724
07726
07740
07745
07748
07760
07761
07762
07763
07764
07766
07769
07779
07780
07791
07795
07803
07806
07808
07813
07814
07820
07824
07826
07830
07835
07839
07842
07845
07853
07859
07865
07868
07871
07879
07888
07897
07900
07911
07913
07914
07924
07926
07930
07932
07940
07949
07957
07958
07961
07963
07966
07973
07975
07984
07990
07995
08003
08006
08010
08012
08013
08019
08022
08024
08029
08032
08036
08041
08042
08056
08058
08063
08066
08067
08069
08085
08089
08092
08094
08105
08110
08113
08116
08119
08121
08129
08138
08145
08146
08148
08150
08156
08158
08159
08160
08163
08166
08173
08175
08181
08183
08185
08189
08190
08202
08203
08209
08219
08225
08240
08261
08266
08276
08279
08285
08292
08295
08305
08306
08309
08313
08314
08318
08319
08326
08328
08333
08349
08354
08357
08366
08374
08379
08381
08383
08386
08391
08397
08408
08411
08422
08424
08425
08429
08432
08433
08436
08441
08448
08449
08450
08459
08460
08462
08464
08467
08471
08475
08477
08478
08479
08480
08486
08489
08494
08496
08502
08503
08513
08516
08519
08524
08535
08540
08555
08557
08559
08561
08562
08563
08568
08579
08580
08581
08584
08589
08597
08598
08603
08615
08626
08645
08647
08648
08653
08655
08668
08669
08670
08671
08690
08695
08704
08710
08712
08714
08718
08722
08725
08726
08727
08728
08732
08736
08742
08748
08754
08758
08767
08769
08778
08779
08780
08782
08785
08787
08792
08795
08797
08798
08803
08810
08811
08816
08817
08818
08820
08823
08824
08833
08844
08855
08860
08866
08867
08868
08873
08878
08880
08882
08886
08890
08892
08898
08899
08902
08903
08905
08921
08924
08925
08949
08952
08955
08964
08965
08966
08968
08973
08981
08988
08993
09005
09007
09014
09020
09023
09025
09032
09039
09049
09050
09058
09060
09062
09063
09067
09068
09079
09080
09081
09082
09083
09086
09095
09103
09114
09118
09119
09120
09127
09128
09129
09131
09132
09148
09164
09168
09170
09171
09174
09177
09180
09185
09188
09197
09198
09208
09211
09226
09227
09229
09235
09236
09239
09248
09252
09256
09267
09268
09272
09273
09277
09285
09289
09295
09296
09300
09303
09304
09313
09318
09321
09322
09324
09329
09333
09345
09349
09356
09359
09364
09365
09366
09367
09368
09372
09375
09379
09383
09386
09391
09394
09395
09398
09408
09415
09416
09422
09431
09434
09435
09437
09442
09446
09448
09452
09453
09458
09461
09466
09472
09473
09474
09481
09483
09484
09485
09490
09491
09493
09499
09511
09517
09529
09535
09536
09538
09539
09551
09552
09566
09570
09571
09573
09575
09579
09588
09593
09598
09602
09605
09606
09613
09620
09622
09623
09624
09629
09631
09637
09638
09642
09643
09658
09660
09662
09669
09672
09673
09675
09684
09688
09695
09696
09699
09700
09708
09711
09712
09720
09733
09747
09771
09773
09775
09776
09784
09785
09787
09790
09795
09802
09806
09807
09812
09817
09823
09825
09836
09841
09845
09847
09852
09854
09857
09861
09865
09867
09873
09877
09878
09883
09889
09898
09900
09906
09911
09912
09918
09922
09926
09927
09940
09942
09945
09946
09949
09953
09956
09959
09961
09963
09968
09973
09976
09987
09995
09996
09999
10004
10007
10009
10014
10019
10024
10025
10026
10034
10036
10037
10038
10039
10042
10047
10054
10055
10056
10066
10070
10071
10073
10076
10077
10078
10080
10091
10108
10109
10119
10120
10139
10140
10143
10150
10155
10156
10158
10160
10166
10169
10174
10183
10184
10185
10190
10193
10203
10205
10209
10212
10221
10225
10230
10231
10233
10235
10240
10245
10250
10254
10258
10271
10273
10276
10281
10287
10292
10297
10304
10309
10316
10321
10326
10329
10332
10352
10359
10360
10361
10365
10377
10379
10382
10386
10387
10390
10402
10403
10413
10418
10419
10428
10430
10433
10436
10440
10443
10445
10468
10469
10475
10489
10492
10495
10497
10505
10507
10514
10515
10520
10521
10524
10531
10539
10545
10556
10563
10565
10566
10568
10570
10574
10577
10579
10582
10583
10584
10592
10601
10603
10608
10612
10617
10618
10619
10629
10632
10633
10638
10641
10645
10648
10656
10664
10665
10666
10667
10669
10674
10677
10685
10690
10692
10698
10699
10707
10708
10714
10719
10721
10724
10725
10727
10728
10737
10738
10741
10743
10747
10754
10757
10763
10766
10772
10780
10782
10785
10789
10792
10801
10805
10806
10811
10815
10817
10820
10826
10836
10843
10851
10856
10859
10871
10872
10874
10877
10878
10883
10884
10887
10889
10898
10901
10908
10909
10910
10920
10923
10926
10928
10937
10943
10948
10955
10956
10968
10974
10975
10979
10984
10985
10988
10994
10998
11008
11009
11016
11025
11028
11029
11049
11057
11062
11063
11064
11065
11068
11070
11074
11081
11082
11084
11088
11089
11090
11104
11106
11114
11116
11121
11122
11123
11135
11138
11145
11151
11153
11156
11164
11175
11176
11181
11186
11192
11193
11199
11200
11201
11202
11203
11208
11209
11219
11222
11233
11235
11239
11243
11248
11254
11262
11269
11272
11277
11278
11280
11283
11287
11291
11293
11300
11304
11308
11316
11317
11329
11335
11343
11350
11353
11356
11359
11376
11379
11380
11388
11391
11394
11399
11401
11403
11418
11432
11433
11435
11451
11452
11454
11465
11474
11483
11488
11490
11494
11507
11510
11517
11531
11534
11536
11546
11548
11549
11561
11565
11570
11575
11580
11582
11585
11586
11596
11597
11598
11600
11607
11612
11613
11614
11623
11635
11640
11649
11650
11653
11656
11662
11664
11666
11673
11675
11676
11681
11686
11690
11691
11692
11695
11697
11698
11700
11713
11716
11720
11721
11727
11737
11738
11740
11760
11765
11766
11774
11777
11783
11789
11793
11795
11797
11799
11802
11804
11817
11818
11822
11824
11827
11829
11836
11837
11840
11842
11844
11851
11853
11856
11861
11863
11867
11872
11873
11879
11880
11892
11898
11906
11908
11915
11918
11921
11922
11924
11925
11932
11938
11940
11942
11946
11951
11957
11960
11972
11973
11974
11976
11977
11978
11981
11983
11986
12001
12005
12013
12026
12028
12029
12030
12036
12038
12042
12048
12062
12064
12069
12070
12071
12083
12088
12091
12095
12102
12103
12104
12117
12125
12131
12139
12141
12155
12162
12168
12169
12171
12180
12190
12191
12198
12200
12201
12205
12209
12212
12213
12223
12224
12225
12228
12230
12231
12232
12256
12262
12274
12277
12279
12286
12295
12298
12305
12309
12318
12321
12323
12324
12325
12334
12336
12347
12350
12363
12364
12365
12370
12372
12373
12376
12377
12379
12380
12384
12397
12399
12413
12421
12432
12435
12436
12440
12445
12450
12458
12464
12468
12469
12478
12481
12486
12489
12492
12499
12502
12513
12520
12522
12526
12544
12566
12570
12573
12580
12584
12586
12589
12598
12602
12603
12608
12616
12618
12621
12626
12628
12630
12632
12633
12636
12639
12650
12658
12661
12667
12669
12681
12684
12689
12695
12697
12698
12706
12708
12713
12714
12719
12724
12726
12727
12733
12738
12739
12740
12741
12745
12756
12759
12765
12766
12769
12773
12776
12786
12788
12802
12808
12810
12812
12813
12826
12828
12834
12838
12841
12842
12849
12854
12856
12857
12859
12862
12863
12869
12870
12873
12874
12875
12889
12895
12901
12902
12908
12912
12913
12915
12916
12918
12920
12921
12925
12931
12935
12936
12937
12943
12952
12958
12959
12960
12965
12966
12969
12972
12993
12997
13006
13007
13013
13018
13021
13024
13033
13034
13035
13040
13041
13044
13056
13059
13061
13067
13068
13070
13073
13078
13081
13082
13087
13095
13096
13104
13108
13112
13129
13131
13132
13136
13143
13159
13160
13164
13168
13175
13182
13185
13191
13194
13196
13204
13206
13207
13214
13217
13221
13223
13224
13239
13244
13246
13247
13252
13260
13267
13274
13281
13287
13291
13299
13302
13310
13314
13324
13325
13334
13344
13351
13353
13354
13355
13356
13359
13360
13367
13370
13377
13384
13392
13394
13398
13407
13408
13409
13416
13417
13421
13435
13437
13442
13446
13447
13465
13467
13471
13472
13475
13476
13477
13480
13482
13489
13490
13500
13501
13502
13504
13505
13506
13508
13514
13522
13526
13534
13536
13542
13545
13549
13553
13571
13574
13579
13590
13593
13600
13602
13604
13612
13616
13617
13622
13626
13631
13640
13647
13650
13654
13655
13662
13674
13678
13679
13683
13703
13713
13714
13724
13727
13728
13729
13736
13737
13742
13746
13748
13773
13776
13782
13791
13802
13819
13821
13825
13833
13834
13837
13839
13840
13842
13853
13862
13864
13865
13874
13875
13877
13880
13881
13885
13888
13889
13891
13895
13901
13908
13916
13918
13919
13922
13940
13952
13956
13963
13964
13969
13990
13991
13993
13994
13996
14002
14004
14005
14013
14016
14021
14025
14028
14029
14030
14040
14041
14044
14053
14056
14063
14070
14071
14072
14076
14096
14097
14106
14118
14121
14126
14127
14128
14133
14137
14138
14139
14149
14151
14158
14165
14169
14172
14173
14179
14184
14188
14190
14191
14194
14195
14198
14200
14201
14202
14208
14210
14212
14215
14221
14233
14237
14242
14248
14252
14260
14266
14268
14275
14285
14286
14291
14293
14300
14305
14306
14310
14312
14322
14323
14331
14340
14349
14350
14361
14363
14365
14371
14375
14378
14385
14403
14404
14413
14423
14432
14433
14435
14444
14458
14459
14468
14469
14477
14485
14492
14497
14498
14501
14510
14513
14514
14519
14520
14522
14523
14527
14533
14536
14543
14568
14569
14573
14574
14581
14589
14598
14601
14603
14607
14624
14625
14626
14628
14629
14630
14637
14644
14647
14653
14663
14673
14680
14686
14687
14697
14698
14701
14703
14707
14712
14722
14723
14726
14732
14733
14735
14748
14751
14753
14760
14763
14764
14766
14772
14776
14779
14781
14782
14800
14805
14807
14815
14816
14821
14826
14829
14830
14834
14853
14856
14862
14864
14867
14868
14879
14882
14884
14896
14899
14906
14907
14908
14923
14927
14936
14941
14952
14953
14956
14958
14960
14962
14977
14981
14982
14983
14984
14987
14992
14993
15000
15009
15011
15012
15013
15017
15022
15023
15026
15027
15030
15037
15043
15050
15053
15055
15061
15064
15068
15078
15080
15083
15086
15088
15095
15105
15106
15108
15111
15114
15123
15129
15131
15135
15140
15142
15143
15150
15152
15155
15157
15163
15167
15177
15179
15181
15186
15189
15192
15193
15197
15198
15204
15207
15209
15210
15211
15216
15219
15224
15226
15232
15242
15244
15245
15249
15252
15254
15267
15268
15273
15274
15275
15277
15281
15282
15295
15308
15311
15314
15320
15323
15329
15335
15336
15342
15347
15348
15350
15355
15364
15369
15378
15393
15394
15395
15397
15400
15406
15407
15412
15413
15419
15420
15429
15450
15455
15466
15471
15478
15479
15482
15483
15484
15491
15496
15499
15503
15505
15509
15511
15517
15521
15524
15532
15537
15538
15549
15551
15563
15568
15569
15587
15593
15607
15612
15620
15623
15628
15629
15635
15643
15645
15652
15655
15656
15659
15666
15667
15670
15679
15688
15690
15695
15696
15700
15703
15704
15714
15717
15719
15725
15735
15738
15749
15751
15753
15768
15770
15779
15782
15783
15804
15806
15807
15810
15813
15816
15831
15835
15840
15843
15853
15855
15856
15862
15866
15873
15879
15880
15882
15887
15891
15902
15903
15909
15921
15923
15924
15929
15935
15936
15938
15940
15941
15949
15951
15952
15960
15962
15963
15970
15975
15977
15978
15982
15986
15988
15990
15993
16005
16011
16019
16024
16027
16035
16038
16043
16044
16047
16049
16061
16072
16073
16075
16077
16078
16083
16084
16095
16097
16102
16112
16117
16125
16135
16136
16143
16145
16146
16148
16152
16153
16157
16158
16164
16179
16181
16187
16198
16204
16207
16214
16215
16217
16224
16228
16230
16235
16238
16239
16243
16245
16255
16258
16259
16266
16267
16271
16275
16282
16287
16292
16293
16309
16331
16332
16334
16337
16352
16357
16367
16369
16375
16377
16382
16383
16391
16396
16398
16400
16404
16408
16413
16416
16420
16424
16428
16434
16443
16447
16452
16460
16463
16464
16477
16478
16479
16490
16491
16494
16506
16508
16512
16513
16516
16519
16521
16525
16529
16530
16535
16536
16538
16539
16552
16555
16556
16567
16568
16573
16581
16584
16589
16594
16596
16609
16615
16618
16620
16621
16622
16625
16627
16634
16640
16643
16647
16648
16650
16652
16653
16660
16664
16665
16666
16677
16678
16682
16683
16687
16689
16690
16693
16695
16697
16702
16706
16708
16709
16715
16716
16717
16719
16723
16724
16729
16738
16746
16748
16763
16764
16766
16767
16769
16778
16785
16787
16798
16800
16808
16810
16813
16818
16820
16821
16828
16833
16835
16840
16851
16855
16857
16871
16872
16875
16879
16881
16891
16892
16899
16901
16902
16903
16906
16907
16911
16917
16923
16924
16933
16937
16940
16942
16946
16954
16958
16960
16965
16968
16971
16977
16979
16982
16998
17001
17002
17007
17021
17027
17030
17031
17032
17035
17036
17042
17047
17049
17062
17063
17069
17071
17077
17080
17082
17096
17098
17101
17106
17107
17113
17122
17130
17131
17139
17141
17144
17149
17151
17160
17163
17170
17171
17177
17178
17182
17187
17196
17198
17201
17208
17215
17227
17228
17256
17258
17259
17261
17267
17271
17276
17279
17280
17290
17298
17300
17310
17311
17317
17318
17323
17325
17326
17327
17328
17331
17340
17348
17353
17354
17360
17362
17364
17365
17372
17375
17378
17383
17393
17396
17405
17413
17418
17421
17422
17423
17435
17437
17456
17464
17475
17477
17479
17484
17485
17493
17494
17505
17510
17513
17526
17530
17534
17538
17540
17545
17553
17556
17558
17560
17562
17566
17569
17575
17576
17583
17589
17590
17593
17601
17604
17609
17620
17643
17650
17658
17668
17674
17676
17678
17686
17687
17689
17690
17705
17710
17711
17714
17733
17738
17746
17752
17761
17767
17772
17773
17776
17779
17782
17783
17787
17789
17797
17806
17816
17823
17827
17832
17834
17839
17840
17841
17845
17849
17852
17857
17860
17863
17867
17876
17877
17885
17896
17901
17903
17904
17905
17913
17918
17919
17920
17921
17925
17928
17929
17930
17940
17956
17963
17966
17973
17982
17984
17985
17994
17995
17998
18008
18011
18013
18016
18017
18023
18030
18040
18043
18046
18047
18048
18050
18054
18058
18062
18066
18085
18092
18093
18095
18097
18101
18104
18111
18115
18119
18120
18128
18135
18139
18141
18143
18147
18151
18157
18161
18163
18165
18186
18191
18192
18205
18207
18208
18212
18213
18214
18226
18242
18250
18252
18263
18264
18265
18271
18280
18282
18283
18286
18287
18288
18289
18291
18307
18308
18324
18327
18328
18332
18350
18352
18356
18357
18363
18370
18371
18372
18377
18378
18380
18381
18382
18383
18385
18386
18388
18394
18398
18399
18407
18411
18415
18416
18417
18439
18442
18445
18446
18454
18459
18464
18474
18475
18477
18479
18484
18486
18490
18498
18503
18508
18512
18516
18517
18519
18522
18529
18533
18538
18543
18555
18557
18558
18560
18567
18568
18578
18584
18585
18592
18600
18608
18614
18615
18617
18621
18622
18624
18626
18635
18636
18637
18638
18647
18653
18656
18657
18659
18665
18669
18680
18682
18687
18691
18692
18694
18701
18709
18718
18725
18733
18737
18750
18754
18758
18761
18763
18765
18767
18769
18779
18796
18799
18800
18815
18820
18821
18825
18828
18832
18836
18838
18843
18845
18847
18854
18861
18878
18885
18895
18908
18913
18932
18938
18939
18944
18948
18954
18970
18973
18975
18977
18979
18986
18989
18998
19001
19008
19011
19013
19018
19034
19040
19041
19042
19044
19048
19054
19056
19068
19069
19075
19085
19088
19092
19095
19096
19099
19103
19106
19107
19114
19121
19127
19129
19133
19134
19138
19150
19151
19153
19155
19156
19158
19162
19165
19166
19168
19176
19186
19189
19196
19197
19198
19200
19202
19208
19212
19224
19226
19231
19234
19235
19238
19257
19259
19264
19278
19279
19286
19289
19290
19294
19308
19309
19311
19312
19317
19320
19325
19327
19345
19351
19353
19356
19357
19365
19368
19371
19378
19380
19383
19387
19396
19398
19402
19403
19404
19412
19414
19417
19418
19423
19427
19428
19436
19443
19448
19449
19457
19468
19471
19478
19479
19483
19484
19487
19496
19501
19503
19513
19518
19519
19525
19528
19535
19540
19544
19547
19549
19553
19558
19559
19574
19578
19582
19584
19585
19588
19595
19597
19598
19599
19603
19607
19608
19625
19628
19629
19646
19648
19649
19651
19657
19663
19665
19668
19687
19701
19704
19705
19708
19710
19712
19715
19719
19728
19740
19741
19749
19750
19752
19756
19761
19764
19766
19767
19784
19789
19797
19798
19800
19805
19809
19817
19827
19829
19830
19831
19844
19862
19863
19869
19873
19876
19880
19887
19888
19889
19895
19898
19900
19903
19905
19910
19913
19919
19921
19931
19939
19941
19942
19947
19950
19952
19957
19959
19963
19972
19973
19975
19980
19990
19995
19996
20003
20008
20012
20014
20045
20049
20050
20057
20062
20069
20075
20078
20089
20090
20091
20093
20111
20116
20118
20119
20120
20125
20129
20131
20134
20140
20143
20144
20160
20165
20169
20171
20178
20179
20183
20187
20188
20191
20197
20203
20205
20206
20212
20215
20222
20225
20237
20239
20245
20248
20253
20254
20257
20265
20267
20276
20295
20311
20319
20321
20324
20329
20331
20335
20338
20349
20356
20358
20363
20365
20367
20370
20372
20374
20375
20378
20384
20386
20390
20391
20395
20410
20412
20415
20416
20420
20426
20435
20445
20448
20450
20452
20453
20458
20466
20469
20472
20473
20478
20479
20480
20482
20483
20488
20495
20499
20502
20505
20519
20523
20525
20536
20548
20554
20555
20557
20561
20563
20568
20570
20573
20575
20580
20591
20593
20594
20605
20608
20612
20617
20621
20622
20624
20630
20633
20642
20643
20645
20650
20651
20656
20658
20660
20665
20669
20674
20680
20681
20682
20683
20686
20692
20696
20701
20702
20703
20715
20724
20732
20737
20738
20739
20747
20749
20758
20768
20769
20774
20777
20779
20784
20785
20791
20794
20795
20804
20809
20827
20836
20845
20846
20850
20855
20865
20869
20872
20873
20875
20882
20887
20890
20897
20898
20899
20901
20903
20906
20918
20931
20944
20957
20958
20964
20969
20991
20992
20994
20998
20999
21001
21004
21006
21012
21013
21020
21028
21036
21038
21040
21043
21048
21056
21059
21061
21066
21080
21095
21106
21109
21113
21119
21120
21122
21125
21128
21134
21135
21136
21139
21143
21149
21150
21153
21154
21157
21171
21174
21181
21182
21183
21184
21186
21194
21199
21209
21210
21213
21214
21216
21221
21228
21232
21238
21243
21250
21251
21254
21257
21258
21260
21269
21273
21278
21280
21281
21282
21283
21286
21288
21293
21294
21301
21305
21313
21322
21323
21325
21328
21331
21341
21347
21349
21350
21354
21365
21368
21373
21382
21384
21392
21397
21398
21399
21404
21405
21410
21412
21423
21429
21431
21432
21435
21445
21447
21450
21451
21453
21455
21460
21462
21467
21469
21478
21479
21481
21483
21488
21492
21504
21508
21509
21511
21512
21513
21514
21521
21522
21525
21531
21532
21540
21541
21553
21554
21556
21558
21570
21577
21582
21588
21592
21597
21607
21610
21612
21617
21618
21621
21626
21633
21647
21651
21656
21662
21663
21666
21667
21668
21676
21677
21680
21686
21693
21694
21700
21706
21707
21711
21713
21725
21728
21730
21737
21740
21746
21747
21748
21751
21752
21754
21755
21762
21765
21766
21769
21770
21772
21775
21776
21781
21784
21790
21796
21803
21806
21829
21842
21844
21848
21851
21852
21854
21855
21859
21863
21865
21878
21884
21893
21895
21897
21898
21901
21903
21906
21908
21911
21912
21914
21915
21916
21918
21929
21941
21943
21945
21951
21952
21957
21961
21964
21970
21972
21976
21986
21987
21988
21989
21991
21993
22005
22010
22014
22017
22021
22027
22031
22037
22043
22048
22053
22062
22068
22070
22072
22085
22086
22088
22093
22094
22097
22099
22102
22112
22116
22121
22123
22127
22129
22132
22134
22135
22140
22144
22150
22151
22153
22154
22160
22162
22176
22179
22187
22195
22196
22198
22199
22201
22202
22203
22206
22208
22218
22220
22230
22241
22242
22244
22259
22264
22266
22268
22272
22273
22274
22284
22288
22295
22298
22304
22308
22320
22328
22333
22336
22338
22341
22345
22359
22363
22367
22368
22369
22377
22378
22380
22386
22392
22397
22400
22410
22411
22414
22420
22422
22427
22434
22440
22451
22455
22460
22462
22463
22468
22471
22483
22484
22492
22494
22500
22505
22509
22512
22520
22522
22532
22536
22544
22547
22548
22550
22556
22562
22565
22569
22571
22576
22588
22590
22602
22612
22613
22614
22615
22625
22626
22632
22642
22645
22647
22651
22655
22660
22682
22693
22697
22698
22699
22704
22710
22715
22718
22721
22723
22728
22729
22733
22747
22754
22765
22768
22772
22776
22778
22784
22790
22796
22802
22810
22814
22825
22826
22839
22845
22847
22851
22859
22861
22863
22865
22868
22875
22880
22883
22885
22886
22896
22897
22900
22906
22910
22913
22918
22937
22938
22944
22953
22956
22958
22963
22968
22971
22980
22981
22982
22987
22988
22989
22993
23001
23009
23010
23018
23023
23024
23032
23034
23037
23048
23050
23061
23068
23069
23075
23077
23078
23079
23091
23122
23127
23129
23142
23149
23151
23167
23168
23170
23172
23180
23181
23183
23192
23193
23198
23203
23207
23208
23209
23223
23226
23227
23237
23238
23242
23246
23248
23256
23259
23260
23264
23265
23272
23275
23282
23287
23293
23295
23298
23306
23316
23330
23340
23350
23354
23359
23360
23361
23371
23374
23390
23392
23399
23402
23407
23408
23426
23428
23439
23444
23454
23460
23461
23464
23465
23468
23470
23478
23480
23485
23486
23493
23499
23503
23506
23510
23514
23520
23521
23523
23524
23527
23531
23533
23534
23542
23543
23554
23558
23561
23566
23575
23579
23581
23591
23609
23611
23612
23613
23621
23623
23630
23631
23634
23638
23647
23655
23665
23672
23676
23678
23684
23685
23694
23704
23708
23710
23714
23715
23717
23720
23723
23724
23725
23727
23732
23740
23741
23743
23747
23751
23753
23758
23761
23773
23778
23779
23782
23786
23788
23796
23798
23799
23800
23803
23817
23822
23823
23824
23833
23839
23848
23851
23854
23855
23857
23862
23867
23870
23873
23879
23887
23888
23889
23891
23893
23895
23896
23899
23902
23903
23911
23912
23913
23914
23924
23926
23938
23939
23941
23943
23944
23945
23952
23954
23956
23958
23962
23963
23964
23972
23977
23979
23981
23985
23988
23989
23990
23995
23996
24004
24012
24013
24014
24016
24019
24030
24031
24037
24038
24044
24047
24057
24061
24062
24064
24066
24069
24071
24072
24076
24078
24079
24080
24083
24096
24097
24099
24104
24105
24107
24112
24122
24123
24133
24134
24136
24137
24138
24139
24144
24148
24151
24155
24158
24166
24168
24181
24184
24187
24190
24215
24224
24229
24230
24236
24237
24238
24243
24245
24246
24247
24259
24269
24271
24276
24282
24285
24289
24293
24297
24299
24304
24310
24323
24326
24331
24335
24336
24337
24341
24348
24350
24362
24367
24371
24377
24380
24385
24386
24389
24394
24397
24404
24411
24413
24414
24417
24418
24419
24422
24430
24434
24438
24442
24444
24445
24447
24464
24466
24473
24477
24478
24487
24491
24494
24500
24501
24509
24511
24515
24516
24525
24529
24533
24534
24555
24556
24561
24565
24566
24575
24576
24578
24579
24585
24587
24591
24594
24601
24612
24620
24621
24622
24630
24632
24639
24646
24656
24659
24668
24669
24670
24671
24674
24679
24681
24683
24689
24693
24697
24703
24708
24710
24719
24725
24726
24731
24732
24737
24739
24753
24757
24763
24765
24767
24768
24774
24781
24783
24788
24792
24805
24813
24815
24816
24817
24821
24832
24856
24863
24866
24868
24869
24880
24894
24895
24916
24922
24924
24929
24930
24932
24933
24937
24939
24958
24960
24965
24969
24972
24973
24974
24976
24979
24982
24985
24994
24995
24997
24999
25010
25011
25012
25013
25018
25020
25023
25024
25025
25028
25029
25030
25033
25034
25038
25039
25041
25042
25043
25044
25047
25062
25077
25081
25082
25085
25086
25087
25093
25094
25098
25099
25103
25105
25108
25110
25113
25114
25123
25124
25134
25138
25139
25144
25152
25162
25164
25169
25175
25176
25182
25183
25191
25192
25198
25199
25205
25207
25214
25218
25228
25244
25253
25255
25258
25261
25263
25264
25267
25271
25273
25284
25294
25295
25299
25305
25311
25313
25321
25322
25341
25346
25350
25353
25355
25359
25362
25380
25382
25395
25397
25405
25416
25418
25425
25429
25432
25439
25447
25449
25459
25465
25468
25476
25484
25486
25489
25494
25496
25497
25498
25504
25505
25510
25512
25516
25517
25518
25529
25537
25542
25545
25548
25557
25566
25574
25579
25580
25587
25589
25593
25601
25608
25623
25640
25651
25660
25661
25667
25671
25673
25674
25686
25697
25698
25709
25710
25713
25714
25716
25717
25718
25720
25723
25728
25739
25744
25767
25769
25773
25780
25781
25789
25793
25804
25805
25806
25807
25814
25819
25823
25828
25850
25855
25856
25864
25866
25868
25870
25874
25877
25878
25879
25884
25888
25890
25893
25895
25896
25899
25903
25918
25921
25937
25944
25949
25951
25957
25959
25962
25965
25968
25971
25975
25980
25981
25987
26004
26015
26016
26018
26020
26021
26031
26032
26041
26042
26045
26047
26052
26061
26062
26063
26067
26068
26079
26092
26096
26113
26114
26115
26130
26136
26140
26141
26143
26148
26151
26159
26174
26177
26178
26184
26189
26205
26224
26230
26231
26236
26238
26240
26241
26244
26246
26249
26250
26255
26256
26274
26275
26276
26277
26283
26284
26285
26292
26296
26297
26298
26299
26302
26304
26308
26309
26311
26321
26323
26325
26328
26339
26341
26343
26356
26357
26359
26366
26367
26371
26380
26384
26389
26399
26400
26406
26411
26412
26420
26425
26426
26427
26428
26430
26453
26462
26466
26467
26468
26474
26478
26480
26481
26483
26489
26493
26503
26504
26509
26510
26511
26513
26514
26519
26523
26527
26530
26534
26542
26549
26550
26551
26552
26553
26554
26558
26559
26563
26566
26568
26575
26590
26591
26605
26607
26609
26611
26614
26615
26626
26630
26632
26633
26636
26650
26651
26662
26664
26666
26669
26670
26671
26673
26676
26677
26682
26684
26695
26722
26731
26734
26741
26746
26753
26754
26760
26761
26763
26764
26766
26769
26772
26781
26784
26794
26796
26803
26804
26810
26821
26824
26826
26827
26834
26841
26843
26844
26845
26846
26850
26855
26865
26869
26871
26873
26876
26880
26882
26894
26905
26906
26912
26916
26921
26928
26929
26930
26934
26936
26946
26955
26956
26957
26961
26963
26964
26982
26985
26987
26990
26995
26997
27002
27006
27007
27008
27017
27023
27027
27031
27035
27038
27039
27042
27046
27047
27049
27053
27058
27066
27067
27069
27071
27072
27074
27075
27077
27080
27082
27083
27093
27094
27095
27111
27116
27119
27121
27124
27125
27131
27132
27135
27136
27139
27142
27143
27147
27151
27153
27157
27158
27162
27171
27174
27175
27190
27198
27199
27200
27203
27204
27206
27207
27209
27211
27214
27215
27217
27218
27228
27231
27239
27240
27247
27263
27264
27265
27266
27267
27271
27275
27279
27281
27285
27289
27312
27316
27317
27327
27328
27329
27330
27338
27342
27343
27348
27352
27354
27358
27363
27364
27373
27378
27380
27381
27382
27389
27391
27392
27409
27410
27412
27414
27415
27426
27429
27431
27433
27436
27439
27441
27442
27450
27451
27454
27455
27458
27461
27462
27466
27469
27479
27480
27481
27487
27488
27491
27494
27504
27511
27512
27517
27522
27524
27525
27530
27536
27539
27541
27542
27556
27560
27562
27565
27566
27579
27581
27583
27592
27594
27599
27601
27613
27619
27623
27628
27638
27650
27651
27656
27666
27670
27676
27677
27678
27692
27695
27705
27709
27726
27739
27745
27747
27748
27749
27751
27754
27758
27762
27770
27775
27777
27778
27785
27800
27808
27814
27822
27824
27826
27831
27837
27845
27846
27848
27850
27853
27859
27863
27864
27869
27871
27876
27881
27887
27892
27894
27902
27911
27912
27921
27922
27939
27941
27953
27957
27970
27976
27982
27990
27996
28000
28001
28007
28008
28013
28020
28021
28025
28033
28041
28044
28046
28064
28065
28087
28091
28098
28106
28108
28115
28122
28123
28128
28129
28139
28141
28144
28147
28154
28156
28160
28162
28170
28187
28191
28193
28197
28199
28201
28202
28206
28217
28223
28247
28259
28262
28263
28270
28277
28279
28285
28288
28291
28294
28300
28301
28310
28312
28318
28320
28321
28324
28329
28332
28341
28347
28353
28358
28364
28373
28377
28379
28381
28390
28394
28398
28408
28416
28419
28422
28426
28432
28437
28444
28447
28452
28455
28457
28461
28466
28467
28468
28469
28472
28473
28486
28490
28496
28512
28518
28522
28524
28530
28532
28540
28545
28549
28566
28572
28576
28583
28591
28593
28594
28598
28602
28603
28611
28620
28630
28635
28650
28651
28652
28662
28665
28671
28672
28678
28681
28683
28688
28694
28695
28699
28707
28709
28713
28715
28719
28722
28724
28730
28732
28740
28741
28742
28743
28746
28753
28755
28759
28769
28772
28773
28774
28781
28783
28785
28787
28796
28802
28805
28823
28830
28834
28837
28838
28853
28854
28855
28856
28863
28870
28871
28872
28874
28875
28876
28878
28882
28883
28890
28891
28895
28907
28910
28911
28917
28931
28933
28959
28977
28983
28995
28996
28998
28999
29000
29023
29024
29025
29032
29038
29039
29040
29041
29044
29045
29048
29053
29059
29063
29074
29078
29082
29091
29097
29102
29103
29110
29113
29117
29118
29120
29122
29132
29142
29148
29151
29152
29168
29175
29178
29183
29188
29189
29197
29199
29205
29207
29217
29223
29225
29231
29236
29240
29246
29259
29269
29280
29282
29292
29293
29297
29304
29310
29316
29317
29340
29342
29349
29352
29354
29360
29363
29375
29378
29380
29381
29387
29392
29400
29401
29406
29409
29410
29415
29417
29419
29426
29429
29436
29458
29461
29466
29474
29476
29483
29488
29490
29508
29512
29513
29519
29520
29523
29528
29529
29534
29536
29542
29544
29545
29551
29555
29560
29568
29575
29577
29583
29593
29601
29602
29604
29607
29620
29624
29646
29661
29664
29669
29670
29676
29686
29695
29697
29698
29701
29707
29712
29724
29726
29727
29728
29730
29736
29743
29745
29746
29748
29766
29767
29769
29770
29772
29777
29780
29783
29784
29786
29790
29794
29796
29800
29813
29823
29826
29830
29832
29836
29838
29840
29846
29861
29868
29877
29879
29882
29883
29884
29885
29892
29898
29906
29907
29908
29915
29916
29919
29921
29923
29924
29927
29930
29934
29937
29940
29942
29943
29946
29948
29950
29958
29963
29981
29990
29992
29995
30001
30003
30013
30014
30019
30020
30025
30026
30028
30035
30036
30041
30043
30048
30051
30052
30053
30056
30060
30062
30063
30064
30067
30082
30085
30087
30097
30099
30101
30102
30103
30106
30116
30117
30120
30123
30128
30133
30134
30139
30140
30145
30154
30156
30159
30167
30169
30178
30179
30185
30188
30193
30197
30198
30203
30212
30215
30216
30229
30231
30232
30235
30236
30237
30242
30243
30245
30254
30255
30262
30271
30274
30278
30282
30285
30301
30315
30316
30317
30320
30326
30330
30337
30338
30339
30341
30343
30345
30354
30356
30361
30363
30365
30366
30370
30380
30381
30386
30392
30396
30397
30399
30400
30404
30406
30407
30410
30415
30417
30422
30425
30426
30448
30450
30456
30460
30464
30472
30475
30483
30485
30487
30494
30496
30500
30505
30506
30514
30515
30516
30517
30528
30537
30540
30544
30546
30547
30549
30551
30557
30559
30561
30564
30570
30575
30577
30580
30581
30583
30594
30605
30612
30628
30638
30655
30656
30659
30662
30665
30681
30686
30690
30702
30705
30710
30714
30718
30720
30721
30732
30734
30740
30743
30747
30752
30759
30762
30766
30769
30771
30773
30775
30776
30781
30782
30791
30796
30803
30806
30808
30821
30827
30832
30837
30839
30843
30855
30857
30858
30861
30865
30875
30893
30895
30896
30897
30898
30903
30907
30911
30916
30918
30921
30923
30927
30930
30937
30941
30942
30943
30944
30949
30957
30959
30964
30966
30967
30968
30970
30972
30979
30983
30986
30987
30992
30997
31003
31004
31005
31006
31008
31010
31020
31030
31040
31044
31047
31053
31054
31061
31063
31069
31078
31083
31087
31102
31103
31105
31109
31114
31116
31120
31126
31129
31135
31137
31146
31148
31149
31150
31155
31161
31167
31176
31184
31187
31193
31197
31200
31201
31205
31206
31211
31213
31229
31230
31231
31235
31237
31238
31244
31246
31248
31249
31250
31252
31255
31259
31260
31261
31264
31272
31292
31294
31295
31298
31301
31302
31306
31313
31321
31322
31323
31326
31337
31338
31339
31345
31348
31349
31352
31365
31369
31371
31374
31375
31378
31381
31385
31390
31391
31392
31395
31403
31405
31414
31416
31417
31427
31428
31433
31440
31443
31447
31449
31456
31464
31468
31469
31479
31481
31482
31487
31490
31494
31498
31500
31511
31519
31523
31526
31533
31536
31537
31539
31541
31544
31545
31548
31549
31556
31558
31565
31567
31571
31572
31573
31574
31583
31587
31592
31600
31609
31612
31613
31614
31622
31625
31627
31630
31631
31635
31637
31642
31646
31647
31648
31649
31653
31658
31663
31664
31666
31674
31675
31678
31686
31696
31707
31710
31713
31714
31716
31718
31720
31727
31735
31740
31742
31746
31761
31770
31785
31788
31791
31795
31798
31802
31804
31821
31832
31834
31836
31838
31842
31844
31846
31853
31854
31855
31856
31859
31865
31868
31873
31878
31879
31884
31886
31888
31894
31901
31902
31907
31915
31916
31924
31934
31936
31939
31940
31947
31961
31965
31967
31971
31972
31973
31978
31979
31982
31989
32006
32007
32009
32022
32024
32037
32039
32040
32051
32056
32057
32061
32070
32074
32078
32083
32104
32105
32110
32131
32134
32137
32140
32141
32147
32149
32150
32158
32163
32167
32178
32190
32192
32198
32202
32203
32204
32214
32218
32220
32222
32235
32237
32239
32242
32243
32248
32256
32257
32258
32262
32265
32272
32274
32277
32285
32286
32287
32289
32290
32291
32298
32300
32301
32309
32320
32322
32326
32332
32334
32342
32344
32345
32351
32366
32368
32370
32395
32397
32405
32413
32415
32417
32419
32422
32424
32429
32433
32445
32449
32454
32463
32465
32467
32475
32476
32482
32489
32494
32501
32506
32507
32508
32517
32521
32524
32526
32537
32539
32545
32547
32554
32555
32560
32570
32572
32577
32580
32581
32585
32589
32593
32605
32612
32615
32620
32621
32622
32628
32637
32641
32644
32646
32648
32649
32652
32655
32656
32658
32662
32677
32678
32679
32682
32685
32687
32694
32695
32696
32699
32710
32722
32725
32729
32730
32750
32752
32758
32762
32763
32764
32769
32770
32779
32783
32792
32793
32795
32796
32798
32800
32803
32805
32810
32822
32824
32825
32827
32840
32841
32848
32849
32855
32861
32862
32869
32873
32876
32880
32882
32905
32935
32945
32949
32950
32955
32958
32959
32970
32973
32974
32977
32978
32989
32993
32994
32998
33003
33018
33020
33022
33043
33045
33054
33061
33067
33068
33069
33074
33080
33082
33083
33087
33101
33102
33104
33109
33115
33126
33127
33130
33131
33135
33154
33157
33162
33172
33173
33178
33180
33188
33190
33195
33196
33197
33200
33204
33206
33214
33225
33239
33243
33245
33258
33261
33268
33275
33276
33278
33287
33289
33291
33295
33300
33305
33314
33317
33320
33322
33327
33331
33339
33341
33349
33353
33356
33359
33360
33361
33362
33368
33374
33375
33377
33384
33389
33394
33395
33404
33406
33409
33410
33411
33412
33424
33426
33443
33444
33449
33450
33454
33460
33462
33464
33465
33468
33478
33479
33488
33489
33492
33493
33499
33505
33507
33508
33516
33520
33523
33524
33528
33530
33535
33543
33555
33556
33560
33567
33569
33571
33580
33587
33599
33601
33602
33608
33609
33614
33624
33628
33639
33654
33660
33661
33663
33665
33667
33668
33686
33687
33689
33690
33697
33699
33700
33702
33709
33712
33713
33720
33723
33735
33753
33761
33762
33766
33767
33768
33773
33776
33782
33784
33794
33795
33803
33805
33807
33812
33817
33819
33836
33839
33844
33846
33848
33849
33858
33866
33868
33869
33875
33881
33882
33885
33890
33893
33895
33903
33906
33910
33917
33924
33925
33929
33930
33942
33943
33945
33947
33949
33950
33954
33956
33960
33966
33967
33972
33973
33988
33993
33998
34003
34014
34023
34024
34037
34041
34042
34044
34047
34052
34057
34059
34061
34081
34082
34083
34084
34085
34086
34101
34102
34115
34124
34129
34132
34134
34139
34145
34163
34168
34177
34181
34183
34188
34202
34203
34207
34209
34212
34213
34214
34217
34218
34221
34228
34230
34231
34234
34238
34240
34245
34246
34250
34251
34255
34258
34260
34265
34266
34270
34278
34279
34283
34284
34286
34294
34298
34299
34304
34307
34313
34318
34319
34321
34337
34338
34343
34344
34348
34351
34353
34358
34359
34368
34375
34379
34397
34399
34400
34406
34408
34414
34418
34420
34421
34422
34431
34433
34436
34440
34443
34447
34466
34467
34469
34472
34476
34477
34482
34485
34494
34495
34497
34502
34504
34505
34511
34516
34518
34519
34521
34535
34537
34540
34541
34544
34546
34559
34560
34562
34570
34577
34586
34595
34600
34607
34620
34621
34627
34628
34629
34638
34641
34646
34652
34653
34656
34658
34659
34668
34672
34679
34690
34691
34694
34697
34702
34722
34723
34730
34732
34734
34736
34738
34746
34754
34755
34758
34760
34763
34767
34770
34775
34776
34780
34782
34784
34786
34788
34791
34792
34802
34813
34816
34818
34820
34826
34827
34837
34838
34840
34842
34847
34853
34854
34856
34861
34864
34868
34869
34874
34875
34877
34878
34883
34885
34886
34894
34898
34899
34904
34912
34925
34938
34939
34941
34943
34947
34954
34963
34979
34980
34989
34992
35000
35003
35007
35014
35019
35020
35021
35022
35024
35025
35027
35029
35032
35039
35041
35050
35052
35053
35058
35059
35067
35072
35080
35086
35087
35089
35091
35105
35108
35111
35117
35123
35125
35128
35133
35135
35136
35137
35138
35141
35147
35148
35150
35154
35155
35159
35160
35161
35162
35164
35168
35170
35173
35178
35183
35187
35188
35189
35195
35197
35202
35205
35208
35210
35215
35216
35222
35223
35233
35234
35237
35250
35251
35253
35269
35286
35287
35290
35292
35293
35295
35298
35313
35318
35319
35321
35323
35324
35333
35334
35341
35352
35353
35354
35355
35357
35359
35362
35369
35374
35378
35384
35391
35393
35405
35407
35413
35415
35427
35433
35437
35439
35440
35442
35443
35447
35454
35455
35463
35465
35468
35469
35475
35476
35479
35482
35483
35485
35490
35493
35503
35505
35509
35511
35514
35516
35525
35537
35546
35567
35578
35589
35592
35603
35604
35607
35608
35609
35611
35613
35622
35632
35633
35635
35637
35640
35655
35660
35667
35675
35677
35682
35687
35688
35693
35698
35702
35706
35708
35717
35720
35723
35728
35731
35737
35739
35743
35746
35749
35754
35760
35764
35771
35772
35776
35778
35780
35782
35783
35788
35789
35791
35797
35799
35804
35805
35815
35819
35820
35833
35839
35843
35846
35851
35854
35857
35869
35874
35883
35886
35887
35888
35895
35902
35906
35919
35920
35924
35925
35934
35940
35959
35960
35965
35977
35985
35986
35987
35989
35993
36007
36012
36022
36023
36035
36040
36046
36047
36060
36079
36083
36088
36100
36102
36103
36108
36112
36122
36124
36141
36150
36152
36161
36166
36167
36175
36179
36180
36181
36183
36185
36190
36198
36219
36221
36222
36223
36224
36226
36236
36237
36242
36246
36249
36250
36251
36256
36263
36267
36271
36273
36277
36279
36281
36287
36300
36306
36307
36312
36316
36331
36335
36337
36338
36341
36355
36358
36359
36364
36366
36368
36370
36381
36385
36386
36387
36388
36393
36404
36407
36408
36411
36412
36413
36414
36415
36424
36426
36430
36431
36444
36445
36459
36470
36473
36475
36493
36497
36504
36516
36522
36523
36527
36531
36539
36544
36546
36549
36553
36555
36556
36562
36563
36566
36567
36573
36584
36592
36594
36595
36608
36627
36628
36632
36635
36636
36637
36641
36666
36671
36673
36679
36680
36685
36686
36693
36694
36700
36702
36716
36723
36725
36729
36734
36735
36737
36742
36747
36759
36761
36768
36784
36787
36792
36798
36802
36809
36812
36816
36819
36820
36822
36834
36843
36846
36848
36849
36851
36856
36857
36859
36862
36876
36884
36887
36890
36899
36901
36903
36904
36906
36910
36921
36925
36927
36929
36934
36935
36948
36951
36955
36956
36958
36959
36967
36973
36976
36979
36983
36987
36990
37001
37007
37017
37023
37034
37047
37048
37053
37059
37066
37067
37068
37069
37070
37072
37074
37077
37082
37085
37086
37092
37097
37101
37102
37103
37113
37117
37124
37125
37130
37134
37143
37146
37155
37156
37157
37160
37165
37168
37173
37181
37194
37199
37209
37211
37218
37225
37228
37230
37231
37238
37240
37244
37248
37249
37256
37262
37267
37268
37269
37275
37285
37291
37301
37312
37315
37317
37321
37324
37331
37335
37342
37346
37351
37352
37353
37356
37359
37361
37364
37368
37375
37376
37385
37389
37391
37394
37395
37397
37400
37402
37408
37415
37420
37435
37436
37442
37446
37447
37449
37451
37462
37468
37473
37477
37484
37486
37494
37496
37505
37514
37516
37518
37520
37521
37531
37540
37544
37546
37549
37551
37555
37562
37564
37566
37568
37569
37571
37580
37585
37588
37595
37613
37617
37625
37630
37631
37649
37651
37653
37654
37659
37661
37663
37664
37669
37674
37678
37679
37690
37692
37693
37696
37709
37717
37719
37728
37729
37734
37741
37745
37749
37755
37756
37758
37759
37762
37771
37774
37776
37780
37789
37791
37793
37812
37814
37822
37827
37829
37837
37846
37854
37865
37873
37875
37904
37906
37908
37924
37926
37930
37931
37933
37934
37936
37937
37942
37943
37947
37950
37958
37963
37965
37968
37976
37984
37990
37998
38002
38004
38005
38009
38017
38018
38021
38023
38032
38037
38050
38065
38067
38070
38073
38075
38076
38077
38079
38080
38086
38091
38094
38097
38099
38100
38106
38109
38113
38116
38123
38124
38137
38138
38144
38161
38172
38175
38180
38196
38198
38201
38203
38205
38206
38208
38209
38213
38215
38217
38219
38231
38235
38236
38243
38247
38256
38268
38279
38282
38285
38288
38295
38296
38298
38311
38315
38319
38321
38334
38337
38344
38347
38351
38353
38357
38360
38364
38366
38386
38387
38389
38398
38402
38410
38411
38413
38419
38420
38425
38430
38432
38433
38434
38436
38440
38443
38444
38457
38470
38480
38481
38488
38490
38494
38495
38499
38510
38513
38524
38525
38527
38537
38549
38559
38561
38567
38570
38571
38574
38587
38589
38593
38594
38595
38596
38601
38610
38618
38622
38633
38634
38636
38642
38644
38662
38667
38673
38674
38680
38686
38688
38691
38692
38696
38699
38710
38711
38713
38716
38721
38724
38725
38727
38728
38733
38734
38740
38742
38748
38750
38752
38762
38774
38776
38779
38785
38791
38795
38796
38801
38804
38806
38818
38820
38838
38843
38851
38855
38862
38863
38869
38871
38872
38882
38888
38892
38894
38896
38906
38910
38911
38917
38922
38927
38928
38932
38935
38936
38937
38943
38946
38958
38959
38962
38965
38971
38973
38975
38980
38993
38995
39002
39003
39004
39008
39017
39018
39022
39023
39025
39030
39032
39036
39040
39041
39042
39046
39061
39063
39068
39070
39081
39084
39086
39088
39095
39096
39099
39109
39113
39118
39120
39126
39136
39141
39143
39160
39161
39169
39179
39180
39193
39194
39195
39200
39202
39203
39207
39209
39210
39211
39212
39217
39218
39226
39230
39252
39253
39254
39258
39266
39276
39281
39285
39292
39294
39297
39303
39307
39308
39311
39314
39319
39333
39341
39342
39352
39354
39366
39371
39373
39375
39386
39390
39392
39398
39408
39411
39412
39415
39416
39419
39433
39435
39436
39438
39439
39448
39451
39453
39459
39464
39465
39473
39477
39481
39483
39484
39486
39492
39495
39503
39506
39508
39510
39513
39521
39522
39530
39532
39543
39544
39548
39557
39558
39564
39567
39568
39569
39578
39580
39587
39591
39593
39607
39608
39610
39613
39614
39618
39619
39622
39626
39630
39640
39656
39658
39660
39676
39679
39681
39699
39704
39705
39711
39712
39714
39716
39724
39725
39732
39735
39745
39747
39754
39757
39766
39773
39774
39776
39779
39788
39791
39793
39798
39807
39820
39826
39831
39841
39843
39844
39846
39847
39855
39857
39861
39864
39869
39875
39879
39880
39883
39884
39885
39886
39889
39904
39906
39909
39932
39934
39936
39948
39952
39953
39961
39974
39976
39978
39979
39981
39991
39992
39993
39994
40002
40008
40010
40015
40020
40021
40027
40039
40044
40049
40053
40073
40074
40076
40082
40084
40086
40090
40096
40101
40102
40103
40109
40111
40114
40115
40116
40118
40122
40127
40143
40146
40148
40159
40163
40164
40197
40199
40206
40207
40210
40221
40227
40228
40230
40236
40241
40246
40250
40251
40255
40265
40269
40272
40281
40285
40287
40288
40297
40300
40302
40304
40305
40315
40321
40322
40326
40332
40334
40335
40343
40354
40368
40369
40373
40374
40375
40392
40394
40398
40401
40403
40406
40414
40415
40422
40426
40427
40428
40432
40434
40440
40448
40450
40454
40455
40461
40464
40468
40472
40479
40481
40487
40489
40491
40492
40501
40505
40506
40509
40523
40525
40526
40541
40550
40555
40556
40567
40569
40571
40582
40583
40584
40593
40598
40607
40608
40613
40614
40616
40617
40623
40624
40625
40627
40632
40640
40649
40651
40653
40657
40660
40664
40666
40668
40673
40677
40683
40684
40688
40690
40692
40694
40696
40699
40701
40702
40704
40706
40708
40710
40714
40725
40730
40736
40740
40741
40758
40761
40766
40770
40771
40777
40793
40795
40798
40809
40810
40812
40816
40820
40833
40834
40839
40844
40845
40848
40853
40857
40875
40877
40881
40882
40895
40908
40909
40911
40919
40936
40937
40940
40941
40942
40949
40950
40955
40963
40965
40971
40978
40995
40996
40998
41000
41005
41009
41016
41024
41026
41027
41032
41033
41034
41044
41045
41046
41049
41054
41065
41067
41076
41078
41079
41083
41086
41087
41090
41091
41095
41100
41102
41103
41105
41110
41113
41114
41133
41139
41142
41143
41148
41151
41153
41155
41158
41159
41166
41169
41173
41177
41180
41184
41187
41205
41210
41217
41218
41222
41223
41225
41228
41237
41242
41248
41249
41256
41264
41265
41270
41273
41275
41290
41294
41296
41298
41302
41308
41314
41317
41322
41328
41332
41336
41337
41339
41346
41347
41349
41350
41358
41367
41376
41390
41395
41398
41399
41407
41409
41411
41434
41445
41447
41456
41463
41481
41485
41495
41501
41503
41519
41520
41522
41531
41539
41541
41546
41562
41572
41577
41581
41588
41591
41596
41597
41600
41608
41610
41613
41616
41617
41618
41624
41625
41640
41641
41642
41647
41653
41659
41661
41669
41671
41672
41674
41680
41682
41693
41697
41698
41699
41700
41709
41710
41717
41728
41737
41738
41739
41743
41744
41746
41747
41748
41752
41764
41769
41774
41776
41785
41786
41791
41792
41794
41798
41804
41806
41807
41812
41816
41819
41820
41826
41833
41836
41848
41853
41859
41860
41862
41864
41866
41871
41878
41883
41887
41891
41895
41912
41917
41924
41925
41937
41943
41946
41951
41952
41969
41970
41971
41974
41977
41984
41987
41989
41992
41996
41999
42004
42010
42012
42013
42014
42016
42017
42030
42031
42032
42037
42042
42047
42053
42056
42063
42064
42065
42071
42073
42074
42080
42088
42089
42111
42127
42130
42132
42133
42139
42144
42149
42156
42161
42164
42172
42173
42179
42180
42181
42185
42188
42190
42191
42204
42208
42211
42212
42215
42216
42218
42219
42228
42232
42233
42237
42241
42247
42258
42261
42268
42289
42294
42295
42299
42301
42303
42305
42314
42323
42326
42330
42334
42336
42337
42342
42345
42348
42353
42354
42355
42360
42362
42369
42372
42374
42381
42385
42386
42393
42399
42400
42407
42418
42422
42427
42428
42446
42449
42457
42468
42476
42479
42480
42485
42491
42497
42500
42506
42513
42514
42515
42527
42533
42537
42539
42543
42552
42557
42559
42575
42582
42585
42605
42609
42610
42617
42621
42624
42627
42629
42633
42635
42650
42663
42664
42666
42668
42675
42679
42684
42686
42693
42697
42704
42705
42708
42721
42727
42733
42739
42741
42742
42746
42747
42754
42762
42768
42779
42780
42789
42790
42794
42798
42800
42818
42819
42821
42824
42827
42830
42840
42847
42855
42857
42860
42868
42870
42873
42875
42877
42878
42882
42884
42885
42886
42892
42904
42907
42908
42918
42921
42928
42931
42933
42942
42943
42946
42950
42953
42954
42964
42967
42968
42969
42970
42976
42978
42980
42982
42983
42986
42987
42995
43000
43013
43015
43017
43024
43030
43037
43040
43049
43052
43054
43055
43059
43061
43069
43070
43071
43072
43077
43082
43085
43095
43100
43103
43104
43106
43109
43115
43122
43123
43124
43125
43127
43132
43138
43142
43146
43148
43154
43155
43158
43167
43174
43186
43191
43200
43202
43203
43205
43208
43210
43211
43214
43218
43222
43224
43227
43234
43236
43240
43246
43249
43263
43270
43272
43277
43280
43284
43290
43295
43299
43303
43304
43310
43314
43315
43329
43339
43346
43355
43358
43369
43372
43383
43388
43390
43400
43402
43408
43412
43419
43420
43424
43426
43427
43428
43432
43436
43437
43438
43439
43441
43446
43447
43450
43459
43461
43466
43471
43477
43482
43483
43488
43493
43498
43500
43506
43511
43512
43521
43525
43526
43528
43542
43550
43553
43560
43565
43566
43575
43577
43578
43580
43581
43585
43586
43587
43589
43591
43592
43598
43603
43606
43608
43610
43620
43623
43627
43632
43641
43646
43649
43650
43652
43655
43659
43670
43673
43678
43681
43682
43686
43687
43691
43692
43698
43699
43702
43708
43712
43714
43716
43719
43726
43738
43755
43758
43765
43778
43780
43791
43806
43807
43809
43811
43815
43821
43824
43835
43837
43841
43843
43844
43847
43849
43853
43858
43859
43862
43868
43880
43884
43886
43887
43888
43889
43893
43903
43911
43916
43922
43928
43931
43935
43941
43942
43943
43949
43950
43961
43964
43969
43976
43978
43979
43980
43982
43983
43985
43993
43995
43998
44000
44009
44023
44026
44034
44036
44038
44039
44040
44049
44054
44055
44064
44066
44067
44071
44077
44079
44080
44083
44087
44088
44091
44092
44096
44099
44100
44101
44107
44120
44121
44126
44130
44134
44140
44145
44149
44150
44152
44157
44166
44170
44174
44175
44176
44181
44184
44185
44191
44204
44205
44206
44210
44211
44214
44227
44229
44230
44241
44243
44251
44253
44262
44263
44266
44269
44274
44277
44278
44287
44289
44301
44310
44311
44316
44325
44327
44328
44334
44339
44346
44352
44353
44355
44356
44358
44363
44364
44366
44368
44374
44377
44383
44385
44390
44409
44410
44416
44417
44420
44421
44424
44425
44428
44434
44444
44445
44446
44450
44453
44455
44457
44468
44483
44491
44492
44498
44505
44508
44510
44515
44516
44530
44535
44542
44550
44551
44557
44562
44573
44575
44578
44583
44593
44598
44599
44602
44604
44609
44610
44614
44619
44627
44628
44629
44630
44631
44633
44634
44639
44644
44645
44648
44649
44652
44667
44683
44689
44696
44712
44727
44734
44735
44738
44739
44745
44751
44752
44754
44759
44764
44766
44772
44775
44776
44778
44786
44789
44793
44794
44796
44801
44804
44808
44809
44810
44815
44821
44830
44831
44838
44842
44851
44853
44854
44855
44856
44863
44867
44869
44871
44872
44873
44874
44877
44884
44894
44908
44909
44912
44914
44918
44925
44926
44929
44935
44936
44937
44939
44942
44943
44944
44946
44951
44952
44955
44961
44964
44965
44969
44977
44978
44985
44986
44989
45008
45016
45017
45020
45028
45035
45042
45045
45049
45061
45063
45070
45076
45077
45078
45079
45080
45086
45089
45098
45104
45108
45110
45111
45114
45116
45121
45124
45125
45128
45129
45134
45136
45140
45141
45146
45150
45153
45156
45157
45158
45161
45168
45169
45173
45178
45190
45191
45197
45207
45208
45214
45227
45245
45249
45254
45260
45270
45295
45298
45301
45302
45305
45306
45309
45310
45318
45322
45324
45328
45330
45335
45341
45348
45353
45365
45368
45374
45380
45383
45388
45389
45394
45400
45404
45407
45412
45417
45423
45424
45429
45441
45457
45467
45471
45479
45482
45487
45497
45501
45512
45513
45518
45519
45524
45525
45537
45545
45546
45554
45555
45556
45560
45564
45565
45570
45572
45573
45575
45577
45579
45580
45584
45585
45590
45591
45594
45598
45600
45604
45605
45609
45611
45613
45616
45618
45619
45631
45633
45638
45639
45640
45641
45643
45647
45655
45658
45659
45660
45671
45672
45676
45677
45678
45682
45683
45689
45690
45697
45712
45741
45742
45744
45750
45779
45782
45783
45788
45793
45796
45806
45818
45822
45836
45843
45845
45847
45849
45855
45862
45870
45876
45880
45881
45883
45894
45895
45899
45900
45901
45904
45905
45906
45908
45909
45912
45913
45914
45918
45920
45924
45931
45937
45941
45942
45952
45955
45959
45960
45963
45972
45974
45984
45985
45987
45997
46005
46012
46013
46017
46024
46029
46042
46045
46047
46052
46054
46059
46060
46065
46072
46074
46076
46086
46095
46097
46098
46106
46115
46122
46123
46124
46132
46143
46146
46147
46150
46151
46155
46162
46164
46166
46167
46168
46174
46180
46183
46185
46188
46205
46208
46210
46215
46217
46219
46227
46238
46242
46243
46244
46250
46255
46261
46265
46274
46293
46298
46300
46303
46313
46314
46315
46317
46318
46322
46327
46335
46337
46339
46340
46346
46350
46357
46360
46362
46364
46368
46371
46372
46377
46379
46382
46385
46395
46414
46416
46418
46426
46427
46437
46439
46441
46442
46448
46455
46457
46458
46468
46472
46477
46489
46494
46506
46510
46514
46518
46519
46520
46531
46533
46535
46538
46542
46547
46552
46559
46568
46575
46579
46580
46583
46592
46593
46596
46601
46603
46609
46610
46617
46618
46621
46631
46644
46651
46655
46656
46657
46664
46665
46667
46668
46678
46679
46685
46686
46688
46692
46702
46704
46707
46711
46717
46719
46722
46726
46730
46731
46733
46735
46741
46744
46748
46763
46766
46772
46775
46776
46779
46786
46787
46791
46795
46797
46799
46802
46804
46810
46812
46815
46819
46823
46825
46826
46829
46833
46838
46843
46848
46856
46858
46863
46865
46872
46887
46896
46900
46901
46906
46910
46925
46939
46954
46961
46965
46966
46969
46972
46987
46990
46991
46993
46995
46996
47010
47012
47015
47019
47025
47027
47034
47037
47038
47039
47040
47041
47047
47049
47050
47051
47055
47062
47070
47071
47075
47077
47084
47086
47087
47093
47108
47112
47114
47117
47120
47141
47146
47147
47151
47155
47156
47158
47176
47178
47179
47183
47185
47192
47227
47237
47240
47242
47246
47252
47256
47258
47275
47278
47282
47284
47285
47287
47290
47295
47297
47302
47305
47307
47320
47321
47322
47341
47348
47353
47355
47356
47361
47366
47371
47373
47377
47379
47382
47387
47392
47396
47402
47403
47406
47408
47412
47417
47419
47433
47438
47442
47443
47446
47448
47468
47476
47479
47488
47495
47498
47499
47500
47502
47504
47505
47511
47512
47520
47528
47531
47541
47545
47548
47550
47551
47552
47561
47565
47567
47573
47591
47597
47606
47609
47610
47618
47621
47623
47624
47633
47641
47650
47651
47653
47662
47676
47679
47681
47683
47697
47699
47701
47703
47704
47705
47708
47713
47716
47722
47725
47734
47737
47741
47749
47755
47758
47767
47774
47777
47778
47789
47792
47793
47795
47796
47803
47806
47808
47812
47822
47827
47832
47835
47841
47850
47859
47861
47862
47863
47865
47872
47876
47880
47881
47882
47887
47894
47897
47898
47902
47910
47912
47915
47917
47920
47925
47926
47927
47929
47937
47948
47951
47958
47959
47960
47962
47967
47975
47977
47981
47982
47988
47990
47996
48005
48007
48041
48045
48046
48051
48058
48063
48068
48075
48077
48079
48084
48087
48097
48101
48108
48118
48125
48126
48131
48132
48135
48136
48138
48142
48144
48145
48146
48148
48154
48172
48180
48181
48182
48192
48194
48195
48200
48203
48204
48207
48217
48222
48224
48226
48227
48230
48232
48242
48246
48257
48259
48272
48281
48284
48288
48291
48299
48300
48308
48319
48327
48328
48332
48334
48335
48336
48339
48341
48342
48344
48345
48348
48353
48358
48370
48372
48374
48375
48384
48387
48395
48400
48402
48407
48409
48413
48416
48418
48419
48420
48423
48425
48431
48435
48445
48447
48453
48463
48464
48465
48478
48479
48486
48491
48495
48501
48503
48511
48516
48519
48520
48525
48531
48533
48546
48553
48556
48561
48563
48583
48598
48605
48610
48612
48613
48619
48620
48632
48634
48636
48644
48646
48648
48650
48667
48669
48671
48676
48682
48687
48692
48694
48698
48701
48702
48706
48715
48719
48720
48724
48725
48734
48738
48744
48745
48748
48750
48761
48763
48766
48770
48775
48777
48778
48779
48791
48800
48801
48803
48804
48810
48819
48820
48821
48822
48829
48832
48835
48838
48843
48846
48862
48872
48888
48889
48897
48899
48909
48920
48921
48926
48930
48934
48935
48936
48940
48941
48942
48947
48967
48968
48972
48991
48993
49001
49005
49009
49021
49022
49029
49035
49052
49053
49056
49057
49059
49065
49074
49076
49079
49082
49083
49089
49092
49096
49101
49103
49105
49115
49117
49118
49120
49122
49131
49135
49136
49139
49140
49146
49151
49157
49159
49167
49169
49171
49173
49179
49180
49190
49191
49194
49199
49201
49205
49212
49217
49224
49228
49236
49238
49245
49251
49255
49257
49268
49269
49270
49275
49285
49286
49291
49292
49294
49297
49298
49299
49300
49307
49313
49321
49327
49333
49336
49338
49345
49347
49348
49350
49353
49362
49366
49367
49372
49375
49376
49380
49382
49385
49386
49390
49392
49393
49403
49404
49405
49414
49416
49422
49423
49435
49438
49445
49447
49449
49453
49460
49474
49478
49480
49482
49484
49487
49490
49498
49509
49513
49519
49520
49521
49526
49539
49545
49546
49548
49561
49564
49566
49574
49575
49576
49585
49589
49592
49594
49603
49608
49620
49622
49625
49627
49630
49634
49635
49642
49645
49656
49658
49663
49665
49688
49694
49695
49696
49709
49712
49718
49729
49733
49741
49744
49753
49757
49761
49768
49769
49773
49775
49776
49780
49797
49801
49802
49804
49806
49810
49811
49813
49822
49828
49837
49848
49854
49856
49859
49869
49874
49881
49884
49887
49889
49891
49896
49905
49915
49919
49920
49924
49930
49935
49940
49941
49942
49946
49955
49956
49963
49967
49968
49970
49971
49972
49977
49992
49998
50001
50003
50006
50011
50014
50016
50024
50027
50029
50034
50039
50043
50046
50056
50059
50068
50071
50074
50079
50085
50086
50088
50089
50096
50102
50112
50120
50121
50123
50124
50129
50132
50134
50139
50140
50141
50147
50150
50156
50157
50158
50165
50171
50183
50190
50193
50195
50200
50202
50206
50207
50212
50223
50227
50234
50243
50249
50253
50270
50276
50278
50300
50308
50316
50326
50335
50337
50338
50341
50343
50344
50345
50347
50355
50366
50372
50374
50381
50387
50389
50390
50392
50393
50394
50398
50402
50403
50420
50423
50425
50430
50439
50443
50446
50452
50460
50478
50483
50488
50491
50504
50516
50523
50527
50532
50539
50542
50543
50545
50546
50551
50557
50565
50566
50569
50575
50577
50586
50597
50598
50605
50608
50610
50613
50616
50623
50628
50631
50632
50633
50638
50642
50647
50653
50656
50670
50678
50685
50692
50701
50704
50714
50717
50731
50735
50748
50758
50764
50765
50771
50786
50795
50796
50799
50802
50806
50809
50814
50816
50822
50828
50837
50844
50845
50850
50851
50857
50866
50868
50871
50881
50885
50887
50888
50891
50899
50904
50916
50932
50933
50942
50946
50947
50953
50958
50961
50965
50966
50968
50972
50995
51005
51006
51011
51021
51036
51043
51056
51060
51062
51066
51078
51080
51085
51092
51094
51103
51107
51109
51113
51116
51118
51122
51132
51136
51143
51145
51146
51149
51150
51154
51157
51160
51161
51169
51177
51183
51188
51195
51201
51216
51218
51225
51228
51238
51240
51247
51265
51268
51269
51278
51282
51283
51288
51294
51297
51298
51301
51305
51306
51312
51313
51315
51316
51319
51321
51325
51329
51337
51344
51347
51353
51359
51360
51365
51372
51374
51375
51379
51383
51387
51388
51391
51393
51398
51399
51403
51406
51407
51408
51409
51410
51416
51420
51428
51431
51433
51435
51436
51439
51441
51449
51455
51457
51459
51463
51465
51466
51468
51470
51484
51488
51500
51501
51506
51508
51520
51524
51528
51529
51532
51554
51556
51564
51567
51568
51585
51590
51595
51596
51604
51606
51609
51614
51618
51623
51625
51626
51630
51631
51652
51654
51663
51668
51681
51683
51708
51712
51714
51715
51722
51728
51733
51734
51742
51744
51746
51765
51768
51769
51770
51775
51778
51779
51786
51787
51790
51796
51803
51814
51820
51823
51825
51828
51833
51838
51840
51842
51849
51852
51856
51858
51859
51866
51867
51878
51882
51884
51903
51904
51914
51917
51922
51927
51930
51932
51935
51943
51952
51964
51966
51967
51976
51978
51983
51987
51988
52001
52006
52013
52020
52029
52036
52039
52051
52062
52067
52068
52075
52078
52089
52102
52103
52105
52117
52123
52124
52131
52134
52135
52145
52146
52154
52158
52161
52164
52172
52182
52184
52185
52191
52200
52202
52205
52207
52210
52213
52218
52221
52223
52226
52229
52246
52271
52275
52276
52282
52288
52291
52293
52295
52304
52307
52311
52312
52314
52316
52319
52322
52330
52331
52337
52342
52344
52350
52356
52357
52360
52361
52362
52364
52368
52370
52372
52381
52384
52386
52388
52389
52390
52430
52446
52447
52459
52463
52471
52481
52485
52493
52496
52502
52514
52515
52529
52547
52548
52549
52553
52557
52559
52568
52573
52578
52592
52595
52596
52597
52599
52600
52601
52602
52605
52606
52608
52619
52621
52623
52625
52630
52631
52640
52641
52642
52658
52663
52666
52672
52680
52685
52687
52688
52695
52698
52703
52714
52732
52734
52735
52742
52745
52746
52749
52751
52752
52762
52763
52768
52772
52774
52785
52794
52802
52806
52813
52814
52816
52817
52820
52822
52823
52824
52825
52826
52828
52829
52831
52833
52840
52842
52848
52850
52854
52859
52865
52872
52875
52883
52885
52888
52913
52917
52921
52922
52931
52937
52944
52949
52951
52952
52956
52960
52961
52972
52977
52979
52981
52982
52983
52985
52988
52994
52995
53008
53010
53016
53017
53021
53028
53033
53040
53042
53047
53051
53055
53067
53068
53070
53083
53085
53091
53093
53095
53098
53104
53107
53115
53120
53122
53123
53124
53140
53143
53146
53149
53156
53159
53165
53167
53170
53179
53185
53194
53195
53200
53202
53203
53204
53207
53215
53217
53220
53221
53224
53225
53233
53260
53264
53267
53268
53270
53273
53278
53280
53282
53286
53288
53292
53295
53298
53299
53311
53312
53313
53316
53319
53320
53321
53323
53327
53329
53330
53332
53333
53334
53337
53340
53341
53353
53355
53364
53367
53368
53376
53377
53382
53383
53387
53388
53403
53408
53413
53420
53421
53423
53428
53436
53440
53445
53449
53452
53453
53457
53461
53462
53467
53471
53473
53476
53479
53486
53487
53491
53492
53494
53496
53500
53507
53512
53514
53524
53526
53527
53530
53533
53536
53539
53544
53548
53551
53561
53562
53563
53567
53568
53570
53571
53577
53584
53585
53586
53590
53600
53602
53603
53607
53615
53616
53622
53626
53633
53634
53642
53643
53649
53651
53658
53665
53679
53680
53681
53682
53687
53690
53692
53694
53707
53710
53716
53723
53731
53732
53735
53740
53742
53745
53746
53748
53756
53760
53761
53762
53769
53771
53773
53774
53790
53793
53796
53805
53808
53811
53833
53836
53838
53843
53849
53873
53882
53885
53888
53899
53901
53903
53904
53908
53909
53917
53923
53936
53937
53940
53948
53953
53954
53959
53961
53965
53968
53970
53974
53981
53983
53992
53993
53994
53995
54000
54003
54007
54010
54020
54023
54025
54043
54045
54061
54064
54067
54072
54077
54082
54086
54090
54096
54099
54103
54112
54117
54118
54119
54122
54124
54128
54129
54136
54138
54140
54146
54150
54179
54182
54187
54188
54189
54191
54195
54201
54202
54204
54218
54221
54227
54229
54235
54236
54237
54242
54250
54257
54258
54259
54265
54268
54285
54286
54289
54318
54332
54335
54337
54338
54343
54350
54354
54361
54363
54365
54367
54368
54369
54372
54374
54377
54386
54387
54394
54397
54398
54408
54410
54415
54417
54425
54427
54428
54432
54439
54441
54442
54443
54444
54447
54448
54461
54462
54465
54473
54477
54478
54481
54482
54488
54503
54508
54517
54520
54523
54526
54527
54528
54531
54534
54535
54539
54542
54545
54546
54554
54556
54557
54567
54576
54578
54584
54588
54589
54595
54608
54610
54611
54615
54619
54623
54630
54647
54650
54657
54664
54672
54677
54680
54682
54684
54688
54690
54693
54697
54699
54700
54703
54704
54709
54713
54714
54719
54720
54722
54733
54737
54739
54747
54749
54755
54759
54761
54770
54783
54787
54795
54798
54804
54808
54809
54817
54825
54826
54831
54852
54853
54856
54865
54866
54869
54873
54874
54876
54877
54881
54885
54887
54890
54891
54896
54898
54906
54907
54909
54921
54925
54927
54928
54930
54945
54950
54951
54956
54961
54966
54970
54973
54974
54980
54983
54990
54994
54998
54999
55010
55014
55019
55024
55039
55043
55055
55068
55071
55103
55104
55105
55106
55111
55116
55117
55120
55124
55126
55127
55128
55130
55137
55144
55148
55158
55161
55162
55164
55165
55166
55168
55178
55179
55187
55203
55206
55213
55223
55228
55229
55231
55239
55241
55242
55243
55249
55250
55258
55259
55271
55274
55275
55281
55284
55285
55287
55290
55295
55296
55299
55306
55310
55317
55328
55329
55333
55334
55339
55348
55350
55353
55356
55361
55365
55366
55368
55373
55375
55380
55387
55391
55393
55403
55413
55423
55424
55430
55431
55437
55438
55444
55450
55451
55455
55458
55461
55465
55468
55471
55483
55487
55489
55491
55496
55508
55520
55521
55529
55531
55533
55548
55552
55557
55560
55566
55572
55576
55577
55583
55584
55585
55586
55587
55591
55596
55599
55606
55608
55610
55613
55616
55621
55622
55632
55639
55643
55645
55650
55655
55658
55666
55667
55670
55673
55677
55682
55684
55687
55692
55698
55702
55704
55705
55707
55712
55714
55726
55730
55731
55732
55736
55737
55750
55752
55755
55758
55767
55777
55778
55787
55801
55803
55805
55813
55816
55817
55820
55828
55831
55835
55837
55841
55848
55861
55862
55866
55871
55877
55880
55885
55887
55888
55893
55898
55901
55902
55905
55906
55909
55911
55912
55913
55916
55923
55924
55928
55930
55931
55938
55952
55956
55964
55973
55981
55982
55986
55987
55989
55996
55999
56005
56007
56010
56021
56022
56023
56025
56031
56037
56040
56041
56043
56047
56051
56054
56055
56057
56072
56074
56076
56090
56096
56100
56103
56105
56112
56118
56119
56122
56123
56137
56146
56149
56154
56155
56156
56161
56165
56167
56170
56173
56176
56177
56182
56187
56188
56192
56193
56194
56195
56196
56197
56201
56203
56204
56211
56216
56220
56227
56228
56229
56232
56246
56268
56271
56272
56274
56279
56285
56286
56288
56294
56299
56307
56308
56313
56323
56330
56336
56341
56344
56346
56348
56358
56373
56374
56379
56383
56386
56389
56394
56407
56409
56413
56416
56421
56425
56430
56438
56445
56449
56454
56457
56459
56464
56467
56473
56474
56475
56483
56486
56497
56500
56524
56528
56531
56532
56537
56553
56563
56564
56566
56571
56580
56582
56595
56599
56600
56611
56612
56619
56624
56627
56628
56629
56641
56644
56645
56649
56650
56655
56658
56660
56661
56662
56664
56666
56668
56670
56676
56685
56686
56692
56699
56701
56702
56708
56716
56717
56718
56720
56724
56729
56730
56731
56737
56744
56745
56762
56769
56771
56772
56774
56775
56780
56783
56785
56786
56791
56797
56800
56804
56820
56821
56825
56833
56835
56839
56855
56869
56877
56886
56907
56908
56913
56916
56922
56927
56929
56930
56931
56943
56947
56948
56954
56964
56972
56976
56981
56982
56983
56985
56986
56987
56989
56993
57002
57008
57013
57017
57033
57034
57043
57044
57047
57053
57054
57058
57065
57077
57080
57083
57084
57099
57100
57105
57113
57122
57129
57130
57132
57135
57137
57144
57147
57148
57151
57155
57157
57167
57169
57172
57174
57180
57183
57186
57193
57194
57197
57203
57215
57220
57230
57231
57242
57247
57250
57251
57260
57265
57275
57283
57291
57293
57302
57315
57321
57322
57329
57330
57331
57344
57347
57349
57356
57363
57370
57373
57374
57376
57377
57378
57382
57383
57391
57417
57419
57422
57423
57426
57428
57429
57433
57435
57439
57445
57453
57454
57464
57478
57479
57480
57481
57485
57486
57492
57494
57507
57511
57514
57515
57518
57529
57535
57539
57541
57546
57549
57555
57556
57557
57565
57568
57573
57574
57579
57589
57591
57598
57604
57610
57615
57619
57631
57634
57635
57641
57646
57653
57661
57663
57665
57667
57672
57674
57680
57685
57696
57700
57708
57710
57714
57718
57719
57721
57727
57731
57762
57775
57783
57785
57786
57788
57801
57807
57811
57812
57819
57822
57823
57826
57832
57834
57836
57841
57844
57848
57852
57860
57864
57868
57876
57886
57888
57889
57891
57896
57897
57902
57906
57908
57910
57912
57913
57914
57919
57923
57933
57939
57943
57944
57954
57955
57957
57964
57966
57968
57972
57973
57976
57978
57979
57981
57983
57987
57992
58002
58007
58010
58015
58020
58024
58028
58035
58039
58040
58043
58045
58050
58055
58058
58069
58072
58086
58090
58095
58097
58098
58102
58107
58116
58120
58121
58122
58123
58128
58142
58149
58155
58160
58171
58172
58202
58205
58207
58208
58213
58219
58221
58232
58238
58240
58245
58252
58256
58257
58258
58262
58269
58272
58273
58277
58279
58281
58285
58289
58298
58299
58305
58308
58310
58312
58316
58318
58323
58336
58346
58350
58359
58363
58366
58377
58378
58379
58380
58383
58389
58390
58392
58402
58405
58407
58412
58416
58420
58424
58432
58434
58435
58448
58458
58472
58475
58478
58487
58488
58494
58497
58508
58510
58512
58524
58531
58532
58538
58539
58541
58542
58547
58556
58558
58559
58565
58566
58571
58573
58574
58580
58581
58585
58597
58600
58608
58612
58615
58620
58623
58626
58634
58636
58650
58657
58676
58684
58686
58690
58692
58703
58704
58706
58707
58712
58720
58733
58737
58739
58741
58743
58748
58758
58760
58765
58766
58768
58769
58774
58778
58781
58788
58793
58795
58800
58802
58804
58808
58817
58819
58821
58825
58826
58828
58837
58846
58850
58851
58857
58858
58866
58877
58885
58888
58898
58901
58902
58903
58905
58911
58914
58934
58940
58941
58944
58946
58949
58960
58963
58965
58970
58973
58976
58981
58989
58995
58999
59009
59021
59025
59031
59039
59050
59055
59058
59060
59062
59064
59066
59070
59076
59078
59080
59086
59088
59090
59096
59100
59103
59110
59119
59126
59132
59143
59149
59150
59151
59154
59160
59165
59167
59169
59171
59175
59177
59186
59197
59201
59211
59214
59215
59225
59226
59229
59237
59239
59251
59265
59268
59271
59272
59280
59285
59287
59288
59289
59297
59303
59310
59315
59319
59320
59324
59326
59332
59348
59351
59356
59360
59361
59362
59368
59373
59376
59377
59382
59384
59396
59403
59404
59423
59441
59444
59446
59448
59456
59464
59467
59471
59478
59480
59487
59488
59494
59498
59505
59507
59510
59513
59517
59518
59521
59533
59537
59553
59557
59566
59567
59573
59579
59581
59583
59584
59595
59602
59607
59608
59609
59611
59614
59617
59628
59629
59641
59642
59645
59649
59653
59657
59666
59672
59679
59694
59696
59699
59703
59720
59726
59735
59736
59740
59745
59751
59785
59801
59802
59804
59805
59806
59807
59812
59822
59826
59829
59841
59845
59848
59869
59870
59878
59880
59883
59896
59905
59909
59912
59916
59921
59922
59926
59932
59937
59938
59944
59946
59951
59952
59953
59958
59961
59963
59967
59969
59971
59978
59985
59995
59999
60009
60018
60023
60025
60027
60028
60032
60036
60038
60041
60042
60045
60046
60047
60049
60053
60058
60061
60066
60067
60071
60096
60098
60115
60123
60125
60128
60135
60141
60142
60143
60144
60153
60155
60157
60166
60171
60176
60181
60183
60184
60188
60190
60200
60224
60231
60235
60236
60240
60241
60251
60257
60264
60279
60292
60303
60308
60309
60312
60319
60326
60330
60338
60347
60350
60364
60365
60370
60375
60380
60383
60386
60387
60402
60403
60407
60410
60415
60425
60434
60443
60447
60449
60452
60453
60461
60473
60477
60484
60487
60491
60503
60506
60507
60508
60515
60519
60532
60538
60544
60555
60557
60563
60565
60570
60571
60574
60583
60587
60588
60589
60597
60603
60609
60618
60621
60627
60629
60632
60635
60658
60660
60673
60675
60677
60683
60688
60690
60691
60692
60711
60712
60714
60716
60717
60722
60723
60725
60729
60730
60736
60745
60746
60748
60751
60754
60757
60763
60764
60767
60776
60777
60779
60786
60788
60791
60795
60800
60801
60811
60812
60813
60814
60816
60821
60826
60835
60837
60840
60843
60844
60852
60854
60855
60867
60870
60876
60880
60887
60893
60894
60905
60911
60912
60918
60923
60930
60931
60932
60936
60942
60954
60958
60959
60962
60964
60970
60976
60978
60982
60986
60987
60992
61002
61013
61023
61038
61046
61050
61052
61056
61060
61061
61063
61066
61068
61073
61092
61094
61095
61096
61098
61099
61101
61104
61108
61109
61110
61115
61120
61121
61126
61127
61128
61131
61132
61144
61146
61147
61154
61161
61163
61164
61166
61179
61181
61184
61190
61194
61201
61211
61213
61214
61219
61221
61230
61232
61233
61240
61244
61245
61251
61252
61258
61263
61266
61272
61281
61293
61303
61309
61310
61312
61314
61316
61321
61322
61333
61334
61335
61337
61342
61357
61369
61380
61390
61402
61404
61407
61408
61411
61415
61419
61424
61426
61433
61434
61436
61439
61448
61452
61462
61463
61466
61473
61478
61481
61484
61485
61490
61502
61506
61507
61508
61509
61510
61518
61521
61522
61524
61532
61533
61534
61541
61542
61545
61549
61557
61567
61569
61577
61584
61600
61608
61615
61616
61617
61622
61635
61636
61638
61647
61652
61655
61659
61662
61668
61670
61677
61679
61686
61687
61694
61699
61701
61703
61717
61718
61721
61732
61738
61751
61753
61762
61768
61769
61775
61783
61788
61807
61808
61813
61814
61815
61816
61818
61819
61826
61829
61831
61832
61836
61839
61841
61842
61848
61863
61864
61870
61871
61873
61875
61881
61883
61889
61895
61898
61900
61904
61908
61912
61914
61921
61923
61929
61932
61933
61935
61937
61942
61943
61959
61961
61962
61966
61972
61974
61977
61978
61979
61983
61991
61994
61996
62005
62006
62013
62027
62032
62036
62041
62043
62049
62050
62052
62059
62064
62072
62074
62078
62079
62085
62086
62097
62102
62103
62105
62107
62110
62111
62112
62114
62115
62117
62119
62121
62122
62124
62128
62130
62133
62135
62137
62138
62143
62144
62150
62159
62161
62162
62177
62179
62182
62184
62187
62188
62191
62197
62201
62204
62207
62209
62214
62229
62232
62233
62238
62241
62246
62247
62251
62252
62257
62262
62263
62267
62275
62279
62284
62286
62296
62298
62309
62331
62338
62340
62341
62342
62343
62344
62346
62350
62359
62360
62362
62372
62376
62381
62382
62383
62388
62404
62406
62409
62418
62429
62434
62438
62439
62441
62445
62451
62452
62454
62457
62464
62489
62490
62496
62498
62500
62505
62512
62516
62525
62526
62533
62538
62544
62549
62555
62561
62563
62566
62572
62578
62583
62584
62609
62623
62633
62637
62639
62640
62644
62658
62665
62672
62684
62688
62699
62701
62710
62712
62723
62731
62738
62741
62743
62744
62750
62751
62752
62758
62765
62769
62776
62783
62785
62786
62791
62795
62796
62798
62802
62807
62808
62809
62825
62826
62828
62830
62836
62838
62840
62845
62846
62849
62852
62863
62876
62887
62889
62902
62907
62911
62913
62919
62936
62948
62949
62951
62959
62962
62966
62967
62969
62970
62979
62984
62985
62986
63002
63005
63007
63013
63019
63030
63033
63044
63052
63053
63058
63063
63077
63078
63082
63085
63088
63092
63094
63096
63102
63108
63110
63111
63113
63114
63119
63122
63123
63124
63126
63128
63133
63136
63141
63143
63157
63159
63165
63184
63185
63197
63212
63213
63218
63221
63226
63229
63233
63240
63245
63247
63251
63256
63257
63269
63273
63276
63280
63284
63286
63287
63292
63297
63298
63307
63310
63313
63314
63315
63320
63321
63322
63323
63330
63338
63344
63348
63351
63363
63368
63369
63378
63380
63382
63384
63386
63387
63392
63399
63402
63403
63407
63411
63417
63428
63430
63431
63450
63452
63455
63465
63469
63473
63474
63478
63487
63490
63491
63492
63493
63501
63503
63520
63525
63530
63535
63540
63543
63545
63546
63548
63554
63556
63562
63563
63574
63579
63582
63587
63592
63598
63609
63619
63620
63621
63623
63634
63638
63640
63642
63643
63651
63653
63654
63655
63656
63657
63667
63669
63682
63691
63692
63693
63697
63700
63703
63705
63718
63720
63726
63727
63734
63743
63749
63756
63762
63770
63771
63776
63786
63798
63808
63809
63814
63824
63826
63827
63828
63831
63832
63833
63834
63839
63846
63852
63862
63867
63869
63875
63877
63878
63881
63883
63885
63886
63889
63893
63894
63895
63905
63906
63907
63913
63925
63933
63934
63938
63940
63941
63947
63948
63949
63957
63958
63968
63970
63976
63980
63987
63988
63994
64004
64006
64009
64011
64017
64027
64030
64034
64038
64045
64046
64047
64066
64067
64073
64076
64082
64083
64087
64091
64097
64102
64105
64111
64115
64119
64121
64128
64139
64148
64150
64153
64156
64158
64161
64166
64169
64170
64171
64173
64181
64186
64188
64193
64195
64198
64205
64206
64212
64214
64215
64223
64227
64231
64237
64238
64241
64242
64246
64250
64259
64261
64263
64268
64277
64279
64281
64288
64292
64297
64300
64308
64317
64319
64325
64327
64333
64346
64349
64350
64356
64365
64370
64372
64374
64382
64384
64385
64386
64390
64401
64406
64416
64421
64422
64434
64437
64438
64440
64443
64445
64447
64453
64459
64460
64461
64463
64464
64469
64473
64475
64481
64486
64489
64490
64494
64496
64498
64502
64508
64509
64513
64514
64518
64519
64524
64526
64532
64543
64550
64551
64555
64557
64570
64571
64578
64579
64592
64596
64598
64599
64603
64607
64609
64610
64620
64625
64627
64631
64637
64648
64651
64660
64666
64669
64676
64685
64689
64701
64713
64716
64731
64734
64742
64743
64746
64747
64749
64750
64751
64757
64759
64761
64762
64765
64769
64779
64782
64791
64794
64798
64805
64806
64809
64814
64815
64818
64824
64832
64838
64839
64844
64845
64848
64851
64852
64859
64863
64872
64873
64875
64878
64882
64886
64892
64895
64900
64903
64906
64907
64915
64918
64923
64928
64937
64943
64951
64964
64967
64969
64973
64976
64986
64991
64993
64994
64997
65003
65005
65024
65030
65034
65037
65041
65044
65046
65047
65050
65052
65064
65078
65083
65088
65090
65107
65112
65117
65127
65131
65132
65137
65142
65145
65152
65157
65158
65159
65160
65162
65166
65168
65175
65177
65181
65185
65193
65202
65204
65209
65219
65220
65223
65227
65234
65236
65237
65239
65241
65242
65263
65265
65269
65270
65273
65277
65286
65294
65302
65303
65304
65305
65306
65310
65313
65314
65321
65329
65331
65332
65333
65335
65336
65339
65340
65341
65350
65354
65357
65359
65370
65378
65379
65380
65382
65383
65386
65388
65389
65391
65393
65397
65406
65409
65421
65427
65429
65433
65438
65441
65446
65448
65451
65457
65468
65474
65476
65481
65487
65489
65493
65496
65498
65509
65540
65542
65544
65546
65552
65557
65573
65574
65578
65579
65592
65603
65606
65609
65613
65616
65617
65619
65631
65636
65640
65650
65651
65658
65666
65668
65672
65673
65674
65676
65677
65688
65697
65700
65701
65702
65711
65712
65720
65722
65723
65730
65743
65746
65750
65766
65772
65773
65775
65776
65780
65781
65794
65803
65811
65817
65820
65821
65823
65827
65831
65837
65845
65850
65865
65866
65868
65869
65870
65871
65877
65880
65894
65895
65900
65901
65907
65908
65909
65923
65927
65928
65936
65937
65946
65947
65953
65958
65962
65965
65971
65974
65975
65977
65979
65981
65995
66000
66010
66011
66027
66032
66040
66042
66048
66050
66051
66053
66067
66071
66076
66082
66084
66096
66097
66098
66099
66100
66104
66106
66110
66115
66116
66118
66121
66122
66126
66127
66128
66139
66158
66162
66166
66168
66169
66171
66177
66179
66181
66186
66188
66190
66192
66196
66198
66203
66204
66206
66207
66212
66214
66223
66224
66226
66232
66233
66239
66243
66244
66245
66250
66255
66257
66263
66265
66283
66287
66291
66295
66300
66307
66309
66312
66313
66315
66319
66324
66325
66326
66328
66331
66353
66357
66365
66371
66372
66373
66375
66381
66384
66389
66390
66400
66404
66407
66411
66412
66413
66415
66429
66431
66434
66435
66439
66444
66447
66451
66455
66458
66468
66469
66473
66475
66483
66484
66491
66493
66499
66503
66523
66528
66531
66533
66536
66538
66539
66540
66545
66552
66554
66555
66558
66561
66573
66584
66590
66595
66599
66609
66610
66617
66626
66627
66630
66632
66635
66640
66643
66644
66648
66656
66659
66663
66669
66672
66673
66674
66676
66677
66683
66684
66685
66688
66689
66696
66698
66700
66708
66710
66711
66712
66722
66723
66724
66725
66734
66735
66738
66744
66746
66748
66761
66767
66769
66775
66780
66782
66785
66791
66796
66805
66817
66823
66828
66830
66832
66846
66849
66850
66851
66853
66868
66869
66870
66886
66888
66891
66895
66898
66903
66904
66906
66907
66908
66909
66915
66916
66918
66926
66936
66940
66944
66945
66946
66947
66948
66960
66961
66968
66996
67004
67023
67026
67029
67030
67032
67034
67035
67039
67050
67058
67064
67066
67068
67078
67084
67096
67100
67110
67125
67129
67136
67138
67144
67147
67149
67160
67164
67168
67172
67181
67185
67186
67199
67205
67209
67215
67229
67231
67233
67237
67241
67244
67245
67248
67257
67259
67263
67265
67268
67278
67279
67283
67293
67298
67299
67301
67304
67306
67315
67333
67344
67345
67347
67352
67353
67355
67356
67360
67362
67363
67369
67370
67373
67377
67379
67386
67392
67393
67397
67398
67403
67404
67406
67409
67413
67420
67422
67423
67427
67442
67446
67451
67454
67460
67461
67463
67467
67471
67472
67481
67496
67499
67500
67505
67508
67515
67525
67529
67537
67538
67540
67541
67553
67555
67560
67567
67568
67570
67571
67582
67588
67589
67593
67599
67606
67617
67625
67628
67630
67637
67640
67649
67655
67657
67666
67676
67682
67688
67690
67692
67695
67696
67697
67699
67700
67705
67706
67708
67709
67711
67715
67717
67718
67721
67723
67743
67744
67752
67757
67761
67765
67770
67780
67786
67788
67790
67814
67818
67825
67830
67833
67835
67840
67842
67846
67850
67859
67860
67870
67882
67886
67892
67895
67901
67912
67914
67916
67918
67920
67923
67933
67934
67936
67944
67947
67949
67950
67952
67955
67957
67958
67968
67970
67974
67975
67978
67981
67983
67995
67997
68004
68011
68028
68029
68030
68032
68034
68038
68042
68045
68057
68059
68060
68064
68069
68074
68081
68082
68089
68103
68110
68118
68119
68124
68132
68138
68139
68141
68157
68161
68162
68172
68173
68174
68175
68177
68188
68191
68196
68197
68198
68199
68203
68205
68208
68209
68210
68213
68220
68224
68231
68232
68235
68246
68249
68252
68257
68258
68260
68261
68262
68267
68274
68293
68295
68297
68298
68301
68302
68304
68314
68319
68323
68324
68327
68330
68333
68345
68346
68347
68352
68353
68354
68357
68365
68367
68384
68388
68396
68398
68413
68414
68416
68422
68427
68430
68434
68441
68443
68454
68457
68459
68461
68475
68477
68483
68485
68490
68493
68494
68498
68500
68507
68516
68526
68529
68537
68548
68552
68556
68558
68560
68565
68569
68571
68580
68583
68584
68585
68587
68603
68605
68617
68625
68626
68635
68637
68638
68649
68671
68673
68680
68695
68703
68709
68710
68711
68715
68718
68720
68725
68732
68734
68735
68737
68738
68740
68747
68752
68756
68757
68758
68761
68764
68765
68766
68770
68779
68780
68782
68783
68785
68787
68794
68795
68796
68798
68800
68806
68820
68822
68823
68825
68832
68847
68854
68856
68864
68865
68866
68871
68885
68886
68889
68890
68891
68905
68906
68912
68919
68923
68932
68936
68938
68941
68953
68962
68966
68968
68969
68974
68978
68980
68981
68984
68986
68993
69001
69005
69007
69008
69012
69020
69047
69054
69062
69063
69066
69077
69078
69086
69090
69097
69107
69113
69116
69118
69121
69137
69140
69151
69156
69159
69165
69171
69173
69175
69177
69179
69182
69186
69189
69191
69195
69204
69207
69209
69211
69213
69220
69233
69251
69252
69258
69260
69266
69272
69284
69289
69294
69314
69315
69321
69323
69324
69325
69326
69327
69336
69340
69361
69378
69382
69384
69394
69396
69416
69436
69438
69443
69444
69445
69451
69461
69465
69483
69484
69489
69491
69499
69501
69509
69514
69515
69519
69524
69526
69530
69541
69542
69546
69553
69554
69556
69557
69558
69563
69566
69571
69575
69581
69588
69589
69590
69592
69595
69599
69601
69604
69605
69607
69608
69615
69616
69620
69623
69624
69627
69639
69640
69648
69650
69654
69657
69660
69663
69675
69678
69685
69693
69698
69701
69708
69714
69718
69723
69727
69731
69747
69752
69759
69768
69769
69770
69773
69776
69779
69785
69787
69797
69805
69806
69807
69809
69824
69831
69835
69838
69840
69841
69849
69854
69857
69858
69859
69862
69877
69883
69888
69900
69907
69914
69930
69934
69936
69937
69941
69942
69944
69945
69951
69957
69959
69967
69971
69977
69982
69988
69993
69996
69998
