01246
04249
04611
05226
06922
07897
07949
08279
08655
09700
10505
14252
14624
16404
16892
16917
17031
17538
17562
18352
19501
20378
22014
22865
23306
24337
25044
25311
25896
26015
26339
26662
27758
29790
30159
30638
30686
31337
31696
31842
32265
32648
32796
32873
32974
33895
33972
35443
37555
38106
39023
40354
40608
40853
41009
41114
42427
42629
44140
44377
45407
47242
47305
47348
49096
49919
52184
54688
55043
58069
58851
58877
59967
60491
61233
61721
61753
62144
63245
63503
63655
64907
65354
65359
65383
66239
66455
67315
69599
69849
