00000
00097
00104
00140
00142
00183
00186
00368
00414
00642
00723
00726
00773
00810
00811
00818
00850
00889
00892
00998
01018
01037
01125
01161
01196
01246
01273
01275
01318
01346
01359
01456
01457
01471
01483
01496
01514
01521
01547
01670
01671
01851
01855
01874
01875
01949
01950
01955
01987
02039
02054
02060
02119
02233
02305
02381
02408
02489
02551
02570
02578
02796
02820
02852
02955
02977
03084
03169
03240
03247
03268
03292
03299
03342
03394
03469
03477
03524
03536
03736
03756
03811
03876
03909
03951
03979
04037
04076
04158
04160
04230
04233
04249
04271
04309
04348
04411
04428
04472
04535
04598
04611
04643
04688
04694
04715
04738
04786
04819
04820
04829
04839
04855
04867
04875
04887
04900
04924
05022
05034
05084
05087
05117
05161
05180
05226
05227
05272
05277
05296
05314
05320
05338
05416
05422
05467
05487
05551
05568
05688
05727
05748
05778
05850
05858
05900
05960
06002
06011
06030
06078
06125
06158
06185
06239
06459
06461
06576
06617
06626
06680
06727
06789
06820
06895
06922
07058
07098
07108
07172
07217
07245
07304
07330
07409
07577
07638
07654
07680
07685
07692
07700
07745
07779
07897
07949
07997
08006
08014
08042
08067
08075
08121
08145
08189
08264
08279
08305
08313
08379
08433
08442
08462
08467
08471
08502
08504
08571
08598
08615
08632
08655
08785
08818
08847
08900
08902
08921
08955
08968
08993
09013
09058
09103
09129
09155
09171
09174
09211
09221
09259
09296
09308
09321
09431
09458
09481
09528
09606
09613
09624
09629
09700
09708
09968
09973
10014
10038
10066
10205
10231
10233
10287
10297
10332
10360
10377
10384
10418
10446
10485
10505
10514
10521
10592
10663
10714
10724
10754
10757
10772
10789
10804
10827
10836
10859
10901
10910
11070
11151
11164
11338
11356
11358
11391
11413
11507
11516
11544
11570
11586
11612
11614
11797
11837
11842
11898
12002
12005
12013
12029
12038
12086
12104
12191
12199
12201
12270
12469
12471
12573
12580
12639
12658
12713
12727
12813
12828
12838
12921
12997
13061
13096
13127
13149
13204
13206
13207
13246
13267
13310
13355
13356
13475
13508
13542
13545
13563
13837
13840
13990
14004
14071
14172
14210
14237
14252
14312
14365
14473
14481
14522
14523
14541
14624
14703
14853
14906
14943
14992
15086
15198
15209
15232
15263
15295
15308
15347
15348
15377
15378
15407
15419
15483
15665
15700
15704
15725
15751
15806
15938
15940
15954
15970
15982
16058
16073
16135
16181
16198
16209
16243
16258
16334
16404
16494
16588
16596
16607
16643
16812
16854
16879
16892
16917
16937
16998
17031
17097
17098
17130
17139
17141
17228
17290
17323
17328
17337
17459
17493
17530
17538
17558
17562
17583
17626
17781
17827
17849
17852
17860
17903
17941
17986
18006
18036
18043
18047
18208
18263
18286
18287
18332
18352
18354
18368
18394
18479
18498
18519
18532
18626
18750
18979
19096
19099
19114
19121
19172
19176
19187
19264
19317
19351
19436
19448
19501
19544
19559
19588
19663
19710
19818
19827
19862
19876
20160
20344
20358
20378
20390
20420
20450
20453
20478
20480
20555
20561
20563
20580
20621
20645
20703
20777
20804
20840
20865
21004
21005
21040
21068
21080
21149
21154
21183
21216
21281
21334
21354
21364
21373
21509
21626
21693
21728
21751
21755
21803
21893
21901
21914
21964
21970
21986
21991
22014
22144
22189
22192
22238
22273
22306
22455
22562
22631
22635
22765
22798
22859
22865
22897
22913
22916
22918
23077
23193
23209
23237
23248
23260
23264
23306
23318
23407
23427
23439
23511
23533
23534
23543
23575
23579
23602
23613
23638
23661
23714
23848
23899
23924
24014
24056
24080
24081
24083
24105
24107
24181
24229
24238
24296
24337
24371
24390
24397
24418
24466
24473
24578
24664
24671
24706
24722
24788
24805
24880
24986
25023
25025
25044
25098
25164
25176
25199
25218
25223
25245
25311
25353
25416
25432
25447
25465
25486
25489
25510
25517
25566
25623
25647
25677
25716
25789
25801
25896
25962
25965
25987
26015
26020
26096
26101
26205
26259
26276
26309
26339
26399
26426
26474
26493
26527
26554
26630
26662
26664
26754
26771
26772
26880
26905
26912
26929
26941
26956
27031
27094
27135
27151
27206
27207
27230
27268
27327
27338
27363
27382
27389
27412
27415
27451
27539
27577
27592
27666
27678
27758
27835
27864
27876
27881
27894
27912
28003
28008
28044
28106
28170
28259
28270
28312
28388
28419
28543
28603
28651
28688
28695
28713
28715
28722
28730
28743
28783
28855
28875
28907
28931
28933
28941
28959
29015
29074
29117
29189
29263
29309
29483
29519
29529
29534
29648
29717
29726
29743
29790
29842
29848
29938
30014
30026
30134
30140
30159
30212
30231
30252
30343
30359
30366
30380
30404
30496
30638
30681
30686
30690
30718
30740
30752
30771
30775
30798
30857
30902
30927
30930
30972
30979
31248
31288
31337
31338
31390
31414
31453
31487
31511
31600
31646
31696
31725
31832
31842
31939
31955
31961
32037
32058
32131
32241
32265
32267
32286
32332
32342
32343
32458
32547
32588
32644
32648
32730
32796
32873
32882
32974
32997
33087
33125
33130
33144
33196
33204
33268
33353
33356
33520
33602
33830
33880
33895
33972
34132
34174
34179
34221
34278
34279
34353
34431
34476
34504
34519
34656
34672
34734
34758
34785
34827
34840
34877
34882
34939
34954
34963
35007
35020
35052
35150
35155
35164
35298
35418
35443
35511
35525
35595
35611
35777
35791
35869
35921
35934
35965
35977
36092
36167
36200
36271
36352
36357
36366
36387
36413
36533
36549
36555
36726
36758
36819
36892
36899
36927
36951
36956
36958
37067
37130
37171
37230
37231
37331
37361
37408
37415
37449
37518
37555
37560
37562
37613
37674
37722
37738
37752
37771
37812
37814
37837
37873
37893
37950
38106
38138
38144
38231
38288
38389
38413
38420
38443
38546
38622
38623
38662
38692
38703
38713
38795
38820
38862
38928
38971
39003
39004
39023
39040
39046
39068
39179
39180
39258
39294
39307
39408
39415
39436
39438
39450
39481
39506
39521
39532
39536
39593
39594
39697
39699
39745
39826
39864
39876
39906
39937
40022
40073
40102
40115
40118
40199
40227
40250
40255
40354
40457
40501
40567
40608
40653
40701
40845
40853
40937
40971
41009
41100
41114
41227
41298
41339
41409
41539
41562
41600
41669
41684
41722
41764
41807
41819
41864
41895
41924
41937
42047
42133
42171
42172
42173
42268
42295
42305
42360
42362
42427
42479
42480
42575
42629
42746
42779
42877
42884
42931
42948
42969
42982
43070
43095
43158
43216
43240
43285
43346
43369
43372
43390
43401
43412
43428
43482
43498
43506
43542
43597
43608
43629
43692
43698
43726
43755
43765
43806
43824
43840
43862
43890
43903
43935
43947
43995
44054
44088
44127
44140
44174
44181
44189
44300
44310
44315
44345
44356
44377
44384
44403
44446
44483
44538
44553
44745
44752
44776
44846
44914
44953
44986
45020
45075
45080
45298
45310
45348
45404
45407
45423
45424
45513
45573
45594
45611
45647
45676
45683
45742
45762
45837
45931
45987
46076
46132
46143
46164
46205
46215
46217
46289
46350
46416
46439
46468
46559
46691
46705
46748
46787
46812
46838
46848
47062
47151
47156
47242
47287
47302
47305
47348
47353
47373
47446
47505
47628
47716
47863
47912
47937
47951
47976
48084
48101
48284
48383
48384
48419
48464
48573
48574
48643
48828
48843
48873
48888
48930
49062
49083
49096
49140
49173
49194
49212
49245
49260
49299
49307
49345
49376
49449
49519
49593
49595
49645
49656
49688
49712
49810
49828
49889
49919
49920
49930
49963
49970
50024
50046
50195
50341
50521
50566
50638
50647
50701
50758
50764
50884
50887
50891
50902
50916
50967
51085
51107
51143
51209
51256
51283
51306
51337
51393
51422
51465
51508
51554
51722
51744
51768
51775
51825
51844
51930
51935
51983
52039
52051
52062
52124
52134
52145
52158
52172
52184
52246
52261
52271
52358
52464
52654
52785
52813
52840
52859
52865
52866
52889
52927
52983
52995
53042
53093
53099
53101
53115
53170
53204
53282
53288
53316
53355
53382
53388
53408
53453
53492
53514
53562
53563
53585
53600
53665
53796
53811
53843
53885
53936
53937
54010
54023
54025
54061
54096
54100
54108
54112
54236
54250
54257
54372
54394
54408
54415
54428
54459
54488
54517
54535
54576
54657
54673
54688
54749
54809
54825
54852
54961
55043
55128
55164
55187
55243
55249
55254
55346
55391
55437
55552
55583
55656
55726
55730
55732
55938
55964
56005
56031
56183
56309
56330
56344
56414
56445
56532
56553
56692
56699
56716
56764
56879
56982
56985
56986
56989
57053
57054
57080
57100
57101
57151
57293
57329
57378
57408
57456
57478
57521
57556
57573
57615
57631
57697
57798
57819
57864
57872
57897
57906
57919
57933
57953
58002
58007
58019
58040
58069
58082
58153
58192
58238
58258
58289
58370
58395
58566
58580
58664
58684
58712
58733
58751
58757
58819
58851
58857
58877
58973
58995
59002
59069
59229
59239
59265
59287
59314
59368
59378
59403
59465
59467
59494
59505
59579
59583
59696
59703
59860
59907
59963
59967
59978
60066
60153
60158
60171
60287
60303
60370
60402
60407
60491
60635
60709
60811
60814
60839
60840
60887
60930
60949
60965
61002
61013
61095
61101
61121
61128
61232
61233
61317
61321
61380
61400
61415
61500
61615
61629
61699
61717
61721
61738
61745
61753
61768
61855
61864
61943
62097
62105
62124
62144
62162
62275
62286
62350
62407
62438
62441
62532
62561
62572
62602
62609
62643
62796
62802
62826
62830
62838
62881
62985
63096
63122
63245
63313
63321
63332
63338
63362
63378
63430
63452
63503
63516
63655
63656
63691
63855
63867
63883
63934
63949
63994
64012
64017
64027
64082
64181
64185
64205
64206
64214
64292
64308
64325
64404
64409
64445
64489
64627
64633
64666
64769
64900
64907
64967
64969
65003
65237
65269
65354
65359
65383
65391
65429
65468
65476
65501
65569
65617
65720
65722
65865
65869
65920
65953
65967
65971
65979
66048
66076
66100
66110
66148
66171
66179
66196
66199
66239
66244
66313
66318
66332
66375
66387
66439
66455
66458
66468
66481
66491
66574
66648
66683
66700
66823
66832
66867
66906
66940
66944
67022
67030
67066
67168
67185
67229
67315
67355
67373
67377
67380
67391
67442
67463
67467
67508
67539
67571
67628
67706
67707
67743
67808
67944
67952
68037
68138
68141
68232
68321
68345
68347
68365
68398
68434
68457
68461
68485
68523
68529
68571
68638
68695
68756
68820
68825
68864
68912
68978
68984
69048
69121
69236
69252
69258
69315
69327
69383
69484
69501
69541
69558
69599
69601
69603
69707
69718
69807
69809
69835
69849
69888
69951
